=== SCANNER TOKEN STREAM ===
[ACTION]
[PULSE]
[ID: getWeightedSum]
[L_PAREN]
[CLUSTER]
[PULSE]
[ID: data]
[L_BRACKET]
[R_BRACKET]
[COMMA]
[CLUSTER]
[PULSE]
[ID: weights]
[L_BRACKET]
[R_BRACKET]
[COMMA]
[PULSE]
[ID: size]
[R_PAREN]
[L_BRACE]
[PULSE]
[ID: totalSum]
[ASSIGN]
[PULSE_LIT: 0]
[SEMICOLON]
[PULSE]
[ID: i]
[SEMICOLON]
[ECHO]
[L_PAREN]
[ID: i]
[ASSIGN]
[PULSE_LIT: 0]
[SEMICOLON]
[ID: i]
[LESS]
[ID: size]
[SEMICOLON]
[ID: i]
[INCREMENT]
[R_PAREN]
[L_BRACE]
[ID: totalSum]
[ASSIGN]
[ID: totalSum]
[PLUS]
[L_PAREN]
[ID: data]
[L_BRACKET]
[ID: i]
[R_BRACKET]
[STAR]
[ID: weights]
[L_BRACKET]
[ID: i]
[R_BRACKET]
[R_PAREN]
[SEMICOLON]
[R_BRACE]
[RECALL]
[ID: totalSum]
[SEMICOLON]
[R_BRACE]
[ACTIVATE]
[L_BRACE]
[PULSE]
[CLUSTER]
[ID: myData]
[L_BRACKET]
[PULSE_LIT: 3]
[R_BRACKET]
[ASSIGN]
[L_BRACE]
[PULSE_LIT: 10]
[COMMA]
[PULSE_LIT: 20]
[COMMA]
[PULSE_LIT: 30]
[R_BRACE]
[SEMICOLON]
[PULSE]
[CLUSTER]
[ID: myWeights]
[L_BRACKET]
[PULSE_LIT: 3]
[R_BRACKET]
[ASSIGN]
[L_BRACE]
[PULSE_LIT: 2]
[COMMA]
[PULSE_LIT: 1]
[COMMA]
[PULSE_LIT: 3]
[R_BRACE]
[SEMICOLON]
[PULSE]
[ID: finalResult]
[ASSIGN]
[ID: getWeightedSum]
[L_PAREN]
[ID: myData]
[COMMA]
[ID: myWeights]
[COMMA]
[PULSE_LIT: 3]
[R_PAREN]
[SEMICOLON]
[THOUGHT]
[ID: msg]
[ASSIGN]
[thought_lit: The weighted sum of the clusters is: ]
[SEMICOLON]
[EXPRESS]
[L_PAREN]
[ID: msg]
[R_PAREN]
[SEMICOLON]
[EXPRESS]
[L_PAREN]
[ID: finalResult]
[R_PAREN]
[SEMICOLON]
[R_BRACE]
============================

=== PARSER ACTION LOG ===
ACTION          | TOKEN/LHS            | STATE STACK    
--------------------------------------------------------------------------------
REDUCE 3        | SUBROUTINE_LIST      | [0]
GOTO 2          | SUBROUTINE_LIST      | [0]
SHIFT 4         | action               | [0, 2]
SHIFT 8         | pulse                | [0, 2, 4]
REDUCE 43       | DATA_TYPE            | [0, 2, 4, 8]
GOTO 16         | DATA_TYPE            | [0, 2, 4]
REDUCE 12       | REC_TYPE             | [0, 2, 4, 16]
GOTO 15         | REC_TYPE             | [0, 2, 4]
SHIFT 25        | getWeightedSum       | [0, 2, 4, 15]
SHIFT 73        | (                    | [0, 2, 4, 15, 25]
SHIFT 170       | cluster              | [0, 2, 4, 15, 25, 73]
SHIFT 8         | pulse                | [0, 2, 4, 15, 25, 73, 170]
REDUCE 43       | DATA_TYPE            | [0, 2, 4, 15, 25, 73, 170, 8]
GOTO 311        | DATA_TYPE            | [0, 2, 4, 15, 25, 73, 170]
SHIFT 426       | data                 | [0, 2, 4, 15, 25, 73, 170, 311]
SHIFT 493       | [                    | [0, 2, 4, 15, 25, 73, 170, 311, 426]
SHIFT 525       | ]                    | [0, 2, 4, 15, 25, 73, 170, 311, 426, 493]
REDUCE 10       | PARAM_ITEM           | [0, 2, 4, 15, 25, 73, 170, 311, 426, 493, 525]
GOTO 169        | PARAM_ITEM           | [0, 2, 4, 15, 25, 73]
REDUCE 8        | PARAM_LIST           | [0, 2, 4, 15, 25, 73, 169]
GOTO 167        | PARAM_LIST           | [0, 2, 4, 15, 25, 73]
SHIFT 309       | ,                    | [0, 2, 4, 15, 25, 73, 167]
SHIFT 170       | cluster              | [0, 2, 4, 15, 25, 73, 167, 309]
SHIFT 8         | pulse                | [0, 2, 4, 15, 25, 73, 167, 309, 170]
REDUCE 43       | DATA_TYPE            | [0, 2, 4, 15, 25, 73, 167, 309, 170, 8]
GOTO 311        | DATA_TYPE            | [0, 2, 4, 15, 25, 73, 167, 309, 170]
SHIFT 426       | weights              | [0, 2, 4, 15, 25, 73, 167, 309, 170, 311]
SHIFT 493       | [                    | [0, 2, 4, 15, 25, 73, 167, 309, 170, 311, 426]
SHIFT 525       | ]                    | [0, 2, 4, 15, 25, 73, 167, 309, 170, 311, 426, 493]
REDUCE 10       | PARAM_ITEM           | [0, 2, 4, 15, 25, 73, 167, 309, 170, 311, 426, 493, 525]
GOTO 424        | PARAM_ITEM           | [0, 2, 4, 15, 25, 73, 167, 309]
REDUCE 7        | PARAM_LIST           | [0, 2, 4, 15, 25, 73, 167, 309, 424]
GOTO 167        | PARAM_LIST           | [0, 2, 4, 15, 25, 73]
SHIFT 309       | ,                    | [0, 2, 4, 15, 25, 73, 167]
SHIFT 8         | pulse                | [0, 2, 4, 15, 25, 73, 167, 309]
REDUCE 43       | DATA_TYPE            | [0, 2, 4, 15, 25, 73, 167, 309, 8]
GOTO 171        | DATA_TYPE            | [0, 2, 4, 15, 25, 73, 167, 309]
SHIFT 312       | size                 | [0, 2, 4, 15, 25, 73, 167, 309, 171]
REDUCE 9        | PARAM_ITEM           | [0, 2, 4, 15, 25, 73, 167, 309, 171, 312]
GOTO 424        | PARAM_ITEM           | [0, 2, 4, 15, 25, 73, 167, 309]
REDUCE 7        | PARAM_LIST           | [0, 2, 4, 15, 25, 73, 167, 309, 424]
GOTO 167        | PARAM_LIST           | [0, 2, 4, 15, 25, 73]
REDUCE 5        | PARAMS               | [0, 2, 4, 15, 25, 73, 167]
GOTO 168        | PARAMS               | [0, 2, 4, 15, 25, 73]
SHIFT 310       | )                    | [0, 2, 4, 15, 25, 73, 168]
SHIFT 425       | {                    | [0, 2, 4, 15, 25, 73, 168, 310]
REDUCE 50       | STATEMENT_LIST       | [0, 2, 4, 15, 25, 73, 168, 310, 425]
GOTO 492        | STATEMENT_LIST       | [0, 2, 4, 15, 25, 73, 168, 310, 425]
SHIFT 64        | pulse                | [0, 2, 4, 15, 25, 73, 168, 310, 425, 492]
REDUCE 43       | DATA_TYPE            | [0, 2, 4, 15, 25, 73, 168, 310, 425, 492, 64]
GOTO 49         | DATA_TYPE            | [0, 2, 4, 15, 25, 73, 168, 310, 425, 492]
SHIFT 146       | totalSum             | [0, 2, 4, 15, 25, 73, 168, 310, 425, 492, 49]
SHIFT 267       | =                    | [0, 2, 4, 15, 25, 73, 168, 310, 425, 492, 49, 146]
SHIFT 386       | 0                    | [0, 2, 4, 15, 25, 73, 168, 310, 425, 492, 49, 146, 267]
REDUCE 121      | LITERAL              | [0, 2, 4, 15, 25, 73, 168, 310, 425, 492, 49, 146, 267, 386]
GOTO 370        | LITERAL              | [0, 2, 4, 15, 25, 73, 168, 310, 425, 492, 49, 146, 267]
REDUCE 108      | FACTOR               | [0, 2, 4, 15, 25, 73, 168, 310, 425, 492, 49, 146, 267, 370]
GOTO 379        | FACTOR               | [0, 2, 4, 15, 25, 73, 168, 310, 425, 492, 49, 146, 267]
REDUCE 106      | POSTFIX_EXPR         | [0, 2, 4, 15, 25, 73, 168, 310, 425, 492, 49, 146, 267, 379]
GOTO 380        | POSTFIX_EXPR         | [0, 2, 4, 15, 25, 73, 168, 310, 425, 492, 49, 146, 267]
REDUCE 101      | POW_EXPR             | [0, 2, 4, 15, 25, 73, 168, 310, 425, 492, 49, 146, 267, 380]
GOTO 390        | POW_EXPR             | [0, 2, 4, 15, 25, 73, 168, 310, 425, 492, 49, 146, 267]
REDUCE 103      | UNARY_EXPR           | [0, 2, 4, 15, 25, 73, 168, 310, 425, 492, 49, 146, 267, 390]
GOTO 396        | UNARY_EXPR           | [0, 2, 4, 15, 25, 73, 168, 310, 425, 492, 49, 146, 267]
REDUCE 99       | MULT_EXPR            | [0, 2, 4, 15, 25, 73, 168, 310, 425, 492, 49, 146, 267, 396]
GOTO 376        | MULT_EXPR            | [0, 2, 4, 15, 25, 73, 168, 310, 425, 492, 49, 146, 267]
REDUCE 97       | ADD_EXPR             | [0, 2, 4, 15, 25, 73, 168, 310, 425, 492, 49, 146, 267, 376]
GOTO 378        | ADD_EXPR             | [0, 2, 4, 15, 25, 73, 168, 310, 425, 492, 49, 146, 267]
REDUCE 95       | REL_EXPR             | [0, 2, 4, 15, 25, 73, 168, 310, 425, 492, 49, 146, 267, 378]
GOTO 375        | REL_EXPR             | [0, 2, 4, 15, 25, 73, 168, 310, 425, 492, 49, 146, 267]
REDUCE 93       | REL_EQUAL            | [0, 2, 4, 15, 25, 73, 168, 310, 425, 492, 49, 146, 267, 375]
GOTO 383        | REL_EQUAL            | [0, 2, 4, 15, 25, 73, 168, 310, 425, 492, 49, 146, 267]
REDUCE 91       | LOGIC_AND            | [0, 2, 4, 15, 25, 73, 168, 310, 425, 492, 49, 146, 267, 383]
GOTO 381        | LOGIC_AND            | [0, 2, 4, 15, 25, 73, 168, 310, 425, 492, 49, 146, 267]
REDUCE 89       | LOGIC_XOR            | [0, 2, 4, 15, 25, 73, 168, 310, 425, 492, 49, 146, 267, 381]
GOTO 387        | LOGIC_XOR            | [0, 2, 4, 15, 25, 73, 168, 310, 425, 492, 49, 146, 267]
REDUCE 87       | LOGIC_OR             | [0, 2, 4, 15, 25, 73, 168, 310, 425, 492, 49, 146, 267, 387]
GOTO 393        | LOGIC_OR             | [0, 2, 4, 15, 25, 73, 168, 310, 425, 492, 49, 146, 267]
REDUCE 85       | EXPR                 | [0, 2, 4, 15, 25, 73, 168, 310, 425, 492, 49, 146, 267, 393]
GOTO 371        | EXPR                 | [0, 2, 4, 15, 25, 73, 168, 310, 425, 492, 49, 146, 267]
REDUCE 23       | ID_INIT              | [0, 2, 4, 15, 25, 73, 168, 310, 425, 492, 49, 146, 267, 371]
GOTO 145        | ID_INIT              | [0, 2, 4, 15, 25, 73, 168, 310, 425, 492, 49]
REDUCE 21       | ID_LIST              | [0, 2, 4, 15, 25, 73, 168, 310, 425, 492, 49, 145]
GOTO 148        | ID_LIST              | [0, 2, 4, 15, 25, 73, 168, 310, 425, 492, 49]
SHIFT 274       | ;                    | [0, 2, 4, 15, 25, 73, 168, 310, 425, 492, 49, 148]
REDUCE 19       | ID_DECL              | [0, 2, 4, 15, 25, 73, 168, 310, 425, 492, 49, 148, 274]
GOTO 36         | ID_DECL              | [0, 2, 4, 15, 25, 73, 168, 310, 425, 492]
REDUCE 16       | DECLARATION          | [0, 2, 4, 15, 25, 73, 168, 310, 425, 492, 36]
GOTO 35         | DECLARATION          | [0, 2, 4, 15, 25, 73, 168, 310, 425, 492]
REDUCE 51       | STATEMENT            | [0, 2, 4, 15, 25, 73, 168, 310, 425, 492, 35]
GOTO 58         | STATEMENT            | [0, 2, 4, 15, 25, 73, 168, 310, 425, 492]
REDUCE 49       | STATEMENT_LIST       | [0, 2, 4, 15, 25, 73, 168, 310, 425, 492, 58]
GOTO 492        | STATEMENT_LIST       | [0, 2, 4, 15, 25, 73, 168, 310, 425]
SHIFT 64        | pulse                | [0, 2, 4, 15, 25, 73, 168, 310, 425, 492]
REDUCE 43       | DATA_TYPE            | [0, 2, 4, 15, 25, 73, 168, 310, 425, 492, 64]
GOTO 49         | DATA_TYPE            | [0, 2, 4, 15, 25, 73, 168, 310, 425, 492]
SHIFT 146       | i                    | [0, 2, 4, 15, 25, 73, 168, 310, 425, 492, 49]
REDUCE 22       | ID_INIT              | [0, 2, 4, 15, 25, 73, 168, 310, 425, 492, 49, 146]
GOTO 145        | ID_INIT              | [0, 2, 4, 15, 25, 73, 168, 310, 425, 492, 49]
REDUCE 21       | ID_LIST              | [0, 2, 4, 15, 25, 73, 168, 310, 425, 492, 49, 145]
GOTO 148        | ID_LIST              | [0, 2, 4, 15, 25, 73, 168, 310, 425, 492, 49]
SHIFT 274       | ;                    | [0, 2, 4, 15, 25, 73, 168, 310, 425, 492, 49, 148]
REDUCE 19       | ID_DECL              | [0, 2, 4, 15, 25, 73, 168, 310, 425, 492, 49, 148, 274]
GOTO 36         | ID_DECL              | [0, 2, 4, 15, 25, 73, 168, 310, 425, 492]
REDUCE 16       | DECLARATION          | [0, 2, 4, 15, 25, 73, 168, 310, 425, 492, 36]
GOTO 35         | DECLARATION          | [0, 2, 4, 15, 25, 73, 168, 310, 425, 492]
REDUCE 51       | STATEMENT            | [0, 2, 4, 15, 25, 73, 168, 310, 425, 492, 35]
GOTO 58         | STATEMENT            | [0, 2, 4, 15, 25, 73, 168, 310, 425, 492]
REDUCE 49       | STATEMENT_LIST       | [0, 2, 4, 15, 25, 73, 168, 310, 425, 492, 58]
GOTO 492        | STATEMENT_LIST       | [0, 2, 4, 15, 25, 73, 168, 310, 425]
SHIFT 27        | echo                 | [0, 2, 4, 15, 25, 73, 168, 310, 425, 492]
SHIFT 74        | (                    | [0, 2, 4, 15, 25, 73, 168, 310, 425, 492, 27]
SHIFT 177       | i                    | [0, 2, 4, 15, 25, 73, 168, 310, 425, 492, 27, 74]
REDUCE 113      | VARIABLE_ACCESS      | [0, 2, 4, 15, 25, 73, 168, 310, 425, 492, 27, 74, 177]
GOTO 175        | VARIABLE_ACCESS      | [0, 2, 4, 15, 25, 73, 168, 310, 425, 492, 27, 74]
SHIFT 161       | =                    | [0, 2, 4, 15, 25, 73, 168, 310, 425, 492, 27, 74, 175]
REDUCE 128      | ASSIGN_OP            | [0, 2, 4, 15, 25, 73, 168, 310, 425, 492, 27, 74, 175, 161]
GOTO 156        | ASSIGN_OP            | [0, 2, 4, 15, 25, 73, 168, 310, 425, 492, 27, 74, 175]
SHIFT 94        | 0                    | [0, 2, 4, 15, 25, 73, 168, 310, 425, 492, 27, 74, 175, 156]
REDUCE 121      | LITERAL              | [0, 2, 4, 15, 25, 73, 168, 310, 425, 492, 27, 74, 175, 156, 94]
GOTO 76         | LITERAL              | [0, 2, 4, 15, 25, 73, 168, 310, 425, 492, 27, 74, 175, 156]
REDUCE 108      | FACTOR               | [0, 2, 4, 15, 25, 73, 168, 310, 425, 492, 27, 74, 175, 156, 76]
GOTO 87         | FACTOR               | [0, 2, 4, 15, 25, 73, 168, 310, 425, 492, 27, 74, 175, 156]
REDUCE 106      | POSTFIX_EXPR         | [0, 2, 4, 15, 25, 73, 168, 310, 425, 492, 27, 74, 175, 156, 87]
GOTO 88         | POSTFIX_EXPR         | [0, 2, 4, 15, 25, 73, 168, 310, 425, 492, 27, 74, 175, 156]
REDUCE 101      | POW_EXPR             | [0, 2, 4, 15, 25, 73, 168, 310, 425, 492, 27, 74, 175, 156, 88]
GOTO 100        | POW_EXPR             | [0, 2, 4, 15, 25, 73, 168, 310, 425, 492, 27, 74, 175, 156]
REDUCE 103      | UNARY_EXPR           | [0, 2, 4, 15, 25, 73, 168, 310, 425, 492, 27, 74, 175, 156, 100]
GOTO 106        | UNARY_EXPR           | [0, 2, 4, 15, 25, 73, 168, 310, 425, 492, 27, 74, 175, 156]
REDUCE 99       | MULT_EXPR            | [0, 2, 4, 15, 25, 73, 168, 310, 425, 492, 27, 74, 175, 156, 106]
GOTO 82         | MULT_EXPR            | [0, 2, 4, 15, 25, 73, 168, 310, 425, 492, 27, 74, 175, 156]
REDUCE 97       | ADD_EXPR             | [0, 2, 4, 15, 25, 73, 168, 310, 425, 492, 27, 74, 175, 156, 82]
GOTO 86         | ADD_EXPR             | [0, 2, 4, 15, 25, 73, 168, 310, 425, 492, 27, 74, 175, 156]
REDUCE 95       | REL_EXPR             | [0, 2, 4, 15, 25, 73, 168, 310, 425, 492, 27, 74, 175, 156, 86]
GOTO 81         | REL_EXPR             | [0, 2, 4, 15, 25, 73, 168, 310, 425, 492, 27, 74, 175, 156]
REDUCE 93       | REL_EQUAL            | [0, 2, 4, 15, 25, 73, 168, 310, 425, 492, 27, 74, 175, 156, 81]
GOTO 91         | REL_EQUAL            | [0, 2, 4, 15, 25, 73, 168, 310, 425, 492, 27, 74, 175, 156]
REDUCE 91       | LOGIC_AND            | [0, 2, 4, 15, 25, 73, 168, 310, 425, 492, 27, 74, 175, 156, 91]
GOTO 89         | LOGIC_AND            | [0, 2, 4, 15, 25, 73, 168, 310, 425, 492, 27, 74, 175, 156]
REDUCE 89       | LOGIC_XOR            | [0, 2, 4, 15, 25, 73, 168, 310, 425, 492, 27, 74, 175, 156, 89]
GOTO 95         | LOGIC_XOR            | [0, 2, 4, 15, 25, 73, 168, 310, 425, 492, 27, 74, 175, 156]
REDUCE 87       | LOGIC_OR             | [0, 2, 4, 15, 25, 73, 168, 310, 425, 492, 27, 74, 175, 156, 95]
GOTO 103        | LOGIC_OR             | [0, 2, 4, 15, 25, 73, 168, 310, 425, 492, 27, 74, 175, 156]
REDUCE 85       | EXPR                 | [0, 2, 4, 15, 25, 73, 168, 310, 425, 492, 27, 74, 175, 156, 103]
GOTO 276        | EXPR                 | [0, 2, 4, 15, 25, 73, 168, 310, 425, 492, 27, 74, 175, 156]
REDUCE 84       | ASSIGN_STMT          | [0, 2, 4, 15, 25, 73, 168, 310, 425, 492, 27, 74, 175, 156, 276]
GOTO 178        | ASSIGN_STMT          | [0, 2, 4, 15, 25, 73, 168, 310, 425, 492, 27, 74]
SHIFT 314       | ;                    | [0, 2, 4, 15, 25, 73, 168, 310, 425, 492, 27, 74, 178]
REDUCE 71       | ECHO_INIT            | [0, 2, 4, 15, 25, 73, 168, 310, 425, 492, 27, 74, 178, 314]
GOTO 180        | ECHO_INIT            | [0, 2, 4, 15, 25, 73, 168, 310, 425, 492, 27, 74]
SHIFT 85        | i                    | [0, 2, 4, 15, 25, 73, 168, 310, 425, 492, 27, 74, 180]
REDUCE 113      | VARIABLE_ACCESS      | [0, 2, 4, 15, 25, 73, 168, 310, 425, 492, 27, 74, 180, 85]
GOTO 101        | VARIABLE_ACCESS      | [0, 2, 4, 15, 25, 73, 168, 310, 425, 492, 27, 74, 180]
REDUCE 107      | FACTOR               | [0, 2, 4, 15, 25, 73, 168, 310, 425, 492, 27, 74, 180, 101]
GOTO 87         | FACTOR               | [0, 2, 4, 15, 25, 73, 168, 310, 425, 492, 27, 74, 180]
REDUCE 106      | POSTFIX_EXPR         | [0, 2, 4, 15, 25, 73, 168, 310, 425, 492, 27, 74, 180, 87]
GOTO 88         | POSTFIX_EXPR         | [0, 2, 4, 15, 25, 73, 168, 310, 425, 492, 27, 74, 180]
REDUCE 101      | POW_EXPR             | [0, 2, 4, 15, 25, 73, 168, 310, 425, 492, 27, 74, 180, 88]
GOTO 100        | POW_EXPR             | [0, 2, 4, 15, 25, 73, 168, 310, 425, 492, 27, 74, 180]
REDUCE 103      | UNARY_EXPR           | [0, 2, 4, 15, 25, 73, 168, 310, 425, 492, 27, 74, 180, 100]
GOTO 106        | UNARY_EXPR           | [0, 2, 4, 15, 25, 73, 168, 310, 425, 492, 27, 74, 180]
REDUCE 99       | MULT_EXPR            | [0, 2, 4, 15, 25, 73, 168, 310, 425, 492, 27, 74, 180, 106]
GOTO 82         | MULT_EXPR            | [0, 2, 4, 15, 25, 73, 168, 310, 425, 492, 27, 74, 180]
REDUCE 97       | ADD_EXPR             | [0, 2, 4, 15, 25, 73, 168, 310, 425, 492, 27, 74, 180, 82]
GOTO 86         | ADD_EXPR             | [0, 2, 4, 15, 25, 73, 168, 310, 425, 492, 27, 74, 180]
REDUCE 95       | REL_EXPR             | [0, 2, 4, 15, 25, 73, 168, 310, 425, 492, 27, 74, 180, 86]
GOTO 81         | REL_EXPR             | [0, 2, 4, 15, 25, 73, 168, 310, 425, 492, 27, 74, 180]
SHIFT 188       | <                    | [0, 2, 4, 15, 25, 73, 168, 310, 425, 492, 27, 74, 180, 81]
REDUCE 140      | REL_OP               | [0, 2, 4, 15, 25, 73, 168, 310, 425, 492, 27, 74, 180, 81, 188]
GOTO 190        | REL_OP               | [0, 2, 4, 15, 25, 73, 168, 310, 425, 492, 27, 74, 180, 81]
SHIFT 85        | size                 | [0, 2, 4, 15, 25, 73, 168, 310, 425, 492, 27, 74, 180, 81, 190]
REDUCE 113      | VARIABLE_ACCESS      | [0, 2, 4, 15, 25, 73, 168, 310, 425, 492, 27, 74, 180, 81, 190, 85]
GOTO 101        | VARIABLE_ACCESS      | [0, 2, 4, 15, 25, 73, 168, 310, 425, 492, 27, 74, 180, 81, 190]
REDUCE 107      | FACTOR               | [0, 2, 4, 15, 25, 73, 168, 310, 425, 492, 27, 74, 180, 81, 190, 101]
GOTO 87         | FACTOR               | [0, 2, 4, 15, 25, 73, 168, 310, 425, 492, 27, 74, 180, 81, 190]
REDUCE 106      | POSTFIX_EXPR         | [0, 2, 4, 15, 25, 73, 168, 310, 425, 492, 27, 74, 180, 81, 190, 87]
GOTO 88         | POSTFIX_EXPR         | [0, 2, 4, 15, 25, 73, 168, 310, 425, 492, 27, 74, 180, 81, 190]
REDUCE 101      | POW_EXPR             | [0, 2, 4, 15, 25, 73, 168, 310, 425, 492, 27, 74, 180, 81, 190, 88]
GOTO 100        | POW_EXPR             | [0, 2, 4, 15, 25, 73, 168, 310, 425, 492, 27, 74, 180, 81, 190]
REDUCE 103      | UNARY_EXPR           | [0, 2, 4, 15, 25, 73, 168, 310, 425, 492, 27, 74, 180, 81, 190, 100]
GOTO 106        | UNARY_EXPR           | [0, 2, 4, 15, 25, 73, 168, 310, 425, 492, 27, 74, 180, 81, 190]
REDUCE 99       | MULT_EXPR            | [0, 2, 4, 15, 25, 73, 168, 310, 425, 492, 27, 74, 180, 81, 190, 106]
GOTO 82         | MULT_EXPR            | [0, 2, 4, 15, 25, 73, 168, 310, 425, 492, 27, 74, 180, 81, 190]
REDUCE 97       | ADD_EXPR             | [0, 2, 4, 15, 25, 73, 168, 310, 425, 492, 27, 74, 180, 81, 190, 82]
GOTO 322        | ADD_EXPR             | [0, 2, 4, 15, 25, 73, 168, 310, 425, 492, 27, 74, 180, 81, 190]
REDUCE 94       | REL_EXPR             | [0, 2, 4, 15, 25, 73, 168, 310, 425, 492, 27, 74, 180, 81, 190, 322]
GOTO 81         | REL_EXPR             | [0, 2, 4, 15, 25, 73, 168, 310, 425, 492, 27, 74, 180]
REDUCE 93       | REL_EQUAL            | [0, 2, 4, 15, 25, 73, 168, 310, 425, 492, 27, 74, 180, 81]
GOTO 91         | REL_EQUAL            | [0, 2, 4, 15, 25, 73, 168, 310, 425, 492, 27, 74, 180]
REDUCE 91       | LOGIC_AND            | [0, 2, 4, 15, 25, 73, 168, 310, 425, 492, 27, 74, 180, 91]
GOTO 89         | LOGIC_AND            | [0, 2, 4, 15, 25, 73, 168, 310, 425, 492, 27, 74, 180]
REDUCE 89       | LOGIC_XOR            | [0, 2, 4, 15, 25, 73, 168, 310, 425, 492, 27, 74, 180, 89]
GOTO 95         | LOGIC_XOR            | [0, 2, 4, 15, 25, 73, 168, 310, 425, 492, 27, 74, 180]
REDUCE 87       | LOGIC_OR             | [0, 2, 4, 15, 25, 73, 168, 310, 425, 492, 27, 74, 180, 95]
GOTO 103        | LOGIC_OR             | [0, 2, 4, 15, 25, 73, 168, 310, 425, 492, 27, 74, 180]
REDUCE 85       | EXPR                 | [0, 2, 4, 15, 25, 73, 168, 310, 425, 492, 27, 74, 180, 103]
GOTO 316        | EXPR                 | [0, 2, 4, 15, 25, 73, 168, 310, 425, 492, 27, 74, 180]
SHIFT 429       | ;                    | [0, 2, 4, 15, 25, 73, 168, 310, 425, 492, 27, 74, 180, 316]
SHIFT 116       | i                    | [0, 2, 4, 15, 25, 73, 168, 310, 425, 492, 27, 74, 180, 316, 429]
REDUCE 113      | VARIABLE_ACCESS      | [0, 2, 4, 15, 25, 73, 168, 310, 425, 492, 27, 74, 180, 316, 429, 116]
GOTO 130        | VARIABLE_ACCESS      | [0, 2, 4, 15, 25, 73, 168, 310, 425, 492, 27, 74, 180, 316, 429]
REDUCE 107      | FACTOR               | [0, 2, 4, 15, 25, 73, 168, 310, 425, 492, 27, 74, 180, 316, 429, 130]
GOTO 118        | FACTOR               | [0, 2, 4, 15, 25, 73, 168, 310, 425, 492, 27, 74, 180, 316, 429]
REDUCE 106      | POSTFIX_EXPR         | [0, 2, 4, 15, 25, 73, 168, 310, 425, 492, 27, 74, 180, 316, 429, 118]
GOTO 119        | POSTFIX_EXPR         | [0, 2, 4, 15, 25, 73, 168, 310, 425, 492, 27, 74, 180, 316, 429]
SHIFT 221       | ++                   | [0, 2, 4, 15, 25, 73, 168, 310, 425, 492, 27, 74, 180, 316, 429, 119]
REDUCE 104      | POSTFIX_EXPR         | [0, 2, 4, 15, 25, 73, 168, 310, 425, 492, 27, 74, 180, 316, 429, 119, 221]
GOTO 119        | POSTFIX_EXPR         | [0, 2, 4, 15, 25, 73, 168, 310, 425, 492, 27, 74, 180, 316, 429]
REDUCE 101      | POW_EXPR             | [0, 2, 4, 15, 25, 73, 168, 310, 425, 492, 27, 74, 180, 316, 429, 119]
GOTO 129        | POW_EXPR             | [0, 2, 4, 15, 25, 73, 168, 310, 425, 492, 27, 74, 180, 316, 429]
REDUCE 103      | UNARY_EXPR           | [0, 2, 4, 15, 25, 73, 168, 310, 425, 492, 27, 74, 180, 316, 429, 129]
GOTO 135        | UNARY_EXPR           | [0, 2, 4, 15, 25, 73, 168, 310, 425, 492, 27, 74, 180, 316, 429]
REDUCE 99       | MULT_EXPR            | [0, 2, 4, 15, 25, 73, 168, 310, 425, 492, 27, 74, 180, 316, 429, 135]
GOTO 115        | MULT_EXPR            | [0, 2, 4, 15, 25, 73, 168, 310, 425, 492, 27, 74, 180, 316, 429]
REDUCE 97       | ADD_EXPR             | [0, 2, 4, 15, 25, 73, 168, 310, 425, 492, 27, 74, 180, 316, 429, 115]
GOTO 117        | ADD_EXPR             | [0, 2, 4, 15, 25, 73, 168, 310, 425, 492, 27, 74, 180, 316, 429]
REDUCE 95       | REL_EXPR             | [0, 2, 4, 15, 25, 73, 168, 310, 425, 492, 27, 74, 180, 316, 429, 117]
GOTO 114        | REL_EXPR             | [0, 2, 4, 15, 25, 73, 168, 310, 425, 492, 27, 74, 180, 316, 429]
REDUCE 93       | REL_EQUAL            | [0, 2, 4, 15, 25, 73, 168, 310, 425, 492, 27, 74, 180, 316, 429, 114]
GOTO 122        | REL_EQUAL            | [0, 2, 4, 15, 25, 73, 168, 310, 425, 492, 27, 74, 180, 316, 429]
REDUCE 91       | LOGIC_AND            | [0, 2, 4, 15, 25, 73, 168, 310, 425, 492, 27, 74, 180, 316, 429, 122]
GOTO 120        | LOGIC_AND            | [0, 2, 4, 15, 25, 73, 168, 310, 425, 492, 27, 74, 180, 316, 429]
REDUCE 89       | LOGIC_XOR            | [0, 2, 4, 15, 25, 73, 168, 310, 425, 492, 27, 74, 180, 316, 429, 120]
GOTO 126        | LOGIC_XOR            | [0, 2, 4, 15, 25, 73, 168, 310, 425, 492, 27, 74, 180, 316, 429]
REDUCE 87       | LOGIC_OR             | [0, 2, 4, 15, 25, 73, 168, 310, 425, 492, 27, 74, 180, 316, 429, 126]
GOTO 132        | LOGIC_OR             | [0, 2, 4, 15, 25, 73, 168, 310, 425, 492, 27, 74, 180, 316, 429]
REDUCE 85       | EXPR                 | [0, 2, 4, 15, 25, 73, 168, 310, 425, 492, 27, 74, 180, 316, 429, 132]
GOTO 496        | EXPR                 | [0, 2, 4, 15, 25, 73, 168, 310, 425, 492, 27, 74, 180, 316, 429]
SHIFT 526       | )                    | [0, 2, 4, 15, 25, 73, 168, 310, 425, 492, 27, 74, 180, 316, 429, 496]
SHIFT 541       | {                    | [0, 2, 4, 15, 25, 73, 168, 310, 425, 492, 27, 74, 180, 316, 429, 496, 526]
REDUCE 50       | STATEMENT_LIST       | [0, 2, 4, 15, 25, 73, 168, 310, 425, 492, 27, 74, 180, 316, 429, 496, 526, 541]
GOTO 557        | STATEMENT_LIST       | [0, 2, 4, 15, 25, 73, 168, 310, 425, 492, 27, 74, 180, 316, 429, 496, 526, 541]
SHIFT 44        | totalSum             | [0, 2, 4, 15, 25, 73, 168, 310, 425, 492, 27, 74, 180, 316, 429, 496, 526, 541, 557]
REDUCE 113      | VARIABLE_ACCESS      | [0, 2, 4, 15, 25, 73, 168, 310, 425, 492, 27, 74, 180, 316, 429, 496, 526, 541, 557, 44]
GOTO 62         | VARIABLE_ACCESS      | [0, 2, 4, 15, 25, 73, 168, 310, 425, 492, 27, 74, 180, 316, 429, 496, 526, 541, 557]
SHIFT 161       | =                    | [0, 2, 4, 15, 25, 73, 168, 310, 425, 492, 27, 74, 180, 316, 429, 496, 526, 541, 557, 62]
REDUCE 128      | ASSIGN_OP            | [0, 2, 4, 15, 25, 73, 168, 310, 425, 492, 27, 74, 180, 316, 429, 496, 526, 541, 557, 62, 161]
GOTO 156        | ASSIGN_OP            | [0, 2, 4, 15, 25, 73, 168, 310, 425, 492, 27, 74, 180, 316, 429, 496, 526, 541, 557, 62]
SHIFT 85        | totalSum             | [0, 2, 4, 15, 25, 73, 168, 310, 425, 492, 27, 74, 180, 316, 429, 496, 526, 541, 557, 62, 156]
REDUCE 113      | VARIABLE_ACCESS      | [0, 2, 4, 15, 25, 73, 168, 310, 425, 492, 27, 74, 180, 316, 429, 496, 526, 541, 557, 62, 156, 85]
GOTO 101        | VARIABLE_ACCESS      | [0, 2, 4, 15, 25, 73, 168, 310, 425, 492, 27, 74, 180, 316, 429, 496, 526, 541, 557, 62, 156]
REDUCE 107      | FACTOR               | [0, 2, 4, 15, 25, 73, 168, 310, 425, 492, 27, 74, 180, 316, 429, 496, 526, 541, 557, 62, 156, 101]
GOTO 87         | FACTOR               | [0, 2, 4, 15, 25, 73, 168, 310, 425, 492, 27, 74, 180, 316, 429, 496, 526, 541, 557, 62, 156]
REDUCE 106      | POSTFIX_EXPR         | [0, 2, 4, 15, 25, 73, 168, 310, 425, 492, 27, 74, 180, 316, 429, 496, 526, 541, 557, 62, 156, 87]
GOTO 88         | POSTFIX_EXPR         | [0, 2, 4, 15, 25, 73, 168, 310, 425, 492, 27, 74, 180, 316, 429, 496, 526, 541, 557, 62, 156]
REDUCE 101      | POW_EXPR             | [0, 2, 4, 15, 25, 73, 168, 310, 425, 492, 27, 74, 180, 316, 429, 496, 526, 541, 557, 62, 156, 88]
GOTO 100        | POW_EXPR             | [0, 2, 4, 15, 25, 73, 168, 310, 425, 492, 27, 74, 180, 316, 429, 496, 526, 541, 557, 62, 156]
REDUCE 103      | UNARY_EXPR           | [0, 2, 4, 15, 25, 73, 168, 310, 425, 492, 27, 74, 180, 316, 429, 496, 526, 541, 557, 62, 156, 100]
GOTO 106        | UNARY_EXPR           | [0, 2, 4, 15, 25, 73, 168, 310, 425, 492, 27, 74, 180, 316, 429, 496, 526, 541, 557, 62, 156]
REDUCE 99       | MULT_EXPR            | [0, 2, 4, 15, 25, 73, 168, 310, 425, 492, 27, 74, 180, 316, 429, 496, 526, 541, 557, 62, 156, 106]
GOTO 82         | MULT_EXPR            | [0, 2, 4, 15, 25, 73, 168, 310, 425, 492, 27, 74, 180, 316, 429, 496, 526, 541, 557, 62, 156]
REDUCE 97       | ADD_EXPR             | [0, 2, 4, 15, 25, 73, 168, 310, 425, 492, 27, 74, 180, 316, 429, 496, 526, 541, 557, 62, 156, 82]
GOTO 86         | ADD_EXPR             | [0, 2, 4, 15, 25, 73, 168, 310, 425, 492, 27, 74, 180, 316, 429, 496, 526, 541, 557, 62, 156]
SHIFT 197       | +                    | [0, 2, 4, 15, 25, 73, 168, 310, 425, 492, 27, 74, 180, 316, 429, 496, 526, 541, 557, 62, 156, 86]
REDUCE 143      | ADD_OP               | [0, 2, 4, 15, 25, 73, 168, 310, 425, 492, 27, 74, 180, 316, 429, 496, 526, 541, 557, 62, 156, 86, 197]
GOTO 196        | ADD_OP               | [0, 2, 4, 15, 25, 73, 168, 310, 425, 492, 27, 74, 180, 316, 429, 496, 526, 541, 557, 62, 156, 86]
SHIFT 80        | (                    | [0, 2, 4, 15, 25, 73, 168, 310, 425, 492, 27, 74, 180, 316, 429, 496, 526, 541, 557, 62, 156, 86, 196]
SHIFT 116       | data                 | [0, 2, 4, 15, 25, 73, 168, 310, 425, 492, 27, 74, 180, 316, 429, 496, 526, 541, 557, 62, 156, 86, 196, 80]
REDUCE 113      | VARIABLE_ACCESS      | [0, 2, 4, 15, 25, 73, 168, 310, 425, 492, 27, 74, 180, 316, 429, 496, 526, 541, 557, 62, 156, 86, 196, 80, 116]
GOTO 130        | VARIABLE_ACCESS      | [0, 2, 4, 15, 25, 73, 168, 310, 425, 492, 27, 74, 180, 316, 429, 496, 526, 541, 557, 62, 156, 86, 196, 80]
SHIFT 228       | [                    | [0, 2, 4, 15, 25, 73, 168, 310, 425, 492, 27, 74, 180, 316, 429, 496, 526, 541, 557, 62, 156, 86, 196, 80, 130]
SHIFT 284       | i                    | [0, 2, 4, 15, 25, 73, 168, 310, 425, 492, 27, 74, 180, 316, 429, 496, 526, 541, 557, 62, 156, 86, 196, 80, 130, 228]
REDUCE 113      | VARIABLE_ACCESS      | [0, 2, 4, 15, 25, 73, 168, 310, 425, 492, 27, 74, 180, 316, 429, 496, 526, 541, 557, 62, 156, 86, 196, 80, 130, 228, 284]
GOTO 298        | VARIABLE_ACCESS      | [0, 2, 4, 15, 25, 73, 168, 310, 425, 492, 27, 74, 180, 316, 429, 496, 526, 541, 557, 62, 156, 86, 196, 80, 130, 228]
REDUCE 107      | FACTOR               | [0, 2, 4, 15, 25, 73, 168, 310, 425, 492, 27, 74, 180, 316, 429, 496, 526, 541, 557, 62, 156, 86, 196, 80, 130, 228, 298]
GOTO 286        | FACTOR               | [0, 2, 4, 15, 25, 73, 168, 310, 425, 492, 27, 74, 180, 316, 429, 496, 526, 541, 557, 62, 156, 86, 196, 80, 130, 228]
REDUCE 106      | POSTFIX_EXPR         | [0, 2, 4, 15, 25, 73, 168, 310, 425, 492, 27, 74, 180, 316, 429, 496, 526, 541, 557, 62, 156, 86, 196, 80, 130, 228, 286]
GOTO 287        | POSTFIX_EXPR         | [0, 2, 4, 15, 25, 73, 168, 310, 425, 492, 27, 74, 180, 316, 429, 496, 526, 541, 557, 62, 156, 86, 196, 80, 130, 228]
REDUCE 101      | POW_EXPR             | [0, 2, 4, 15, 25, 73, 168, 310, 425, 492, 27, 74, 180, 316, 429, 496, 526, 541, 557, 62, 156, 86, 196, 80, 130, 228, 287]
GOTO 297        | POW_EXPR             | [0, 2, 4, 15, 25, 73, 168, 310, 425, 492, 27, 74, 180, 316, 429, 496, 526, 541, 557, 62, 156, 86, 196, 80, 130, 228]
REDUCE 103      | UNARY_EXPR           | [0, 2, 4, 15, 25, 73, 168, 310, 425, 492, 27, 74, 180, 316, 429, 496, 526, 541, 557, 62, 156, 86, 196, 80, 130, 228, 297]
GOTO 303        | UNARY_EXPR           | [0, 2, 4, 15, 25, 73, 168, 310, 425, 492, 27, 74, 180, 316, 429, 496, 526, 541, 557, 62, 156, 86, 196, 80, 130, 228]
REDUCE 99       | MULT_EXPR            | [0, 2, 4, 15, 25, 73, 168, 310, 425, 492, 27, 74, 180, 316, 429, 496, 526, 541, 557, 62, 156, 86, 196, 80, 130, 228, 303]
GOTO 283        | MULT_EXPR            | [0, 2, 4, 15, 25, 73, 168, 310, 425, 492, 27, 74, 180, 316, 429, 496, 526, 541, 557, 62, 156, 86, 196, 80, 130, 228]
REDUCE 97       | ADD_EXPR             | [0, 2, 4, 15, 25, 73, 168, 310, 425, 492, 27, 74, 180, 316, 429, 496, 526, 541, 557, 62, 156, 86, 196, 80, 130, 228, 283]
GOTO 285        | ADD_EXPR             | [0, 2, 4, 15, 25, 73, 168, 310, 425, 492, 27, 74, 180, 316, 429, 496, 526, 541, 557, 62, 156, 86, 196, 80, 130, 228]
REDUCE 95       | REL_EXPR             | [0, 2, 4, 15, 25, 73, 168, 310, 425, 492, 27, 74, 180, 316, 429, 496, 526, 541, 557, 62, 156, 86, 196, 80, 130, 228, 285]
GOTO 282        | REL_EXPR             | [0, 2, 4, 15, 25, 73, 168, 310, 425, 492, 27, 74, 180, 316, 429, 496, 526, 541, 557, 62, 156, 86, 196, 80, 130, 228]
REDUCE 93       | REL_EQUAL            | [0, 2, 4, 15, 25, 73, 168, 310, 425, 492, 27, 74, 180, 316, 429, 496, 526, 541, 557, 62, 156, 86, 196, 80, 130, 228, 282]
GOTO 290        | REL_EQUAL            | [0, 2, 4, 15, 25, 73, 168, 310, 425, 492, 27, 74, 180, 316, 429, 496, 526, 541, 557, 62, 156, 86, 196, 80, 130, 228]
REDUCE 91       | LOGIC_AND            | [0, 2, 4, 15, 25, 73, 168, 310, 425, 492, 27, 74, 180, 316, 429, 496, 526, 541, 557, 62, 156, 86, 196, 80, 130, 228, 290]
GOTO 288        | LOGIC_AND            | [0, 2, 4, 15, 25, 73, 168, 310, 425, 492, 27, 74, 180, 316, 429, 496, 526, 541, 557, 62, 156, 86, 196, 80, 130, 228]
REDUCE 89       | LOGIC_XOR            | [0, 2, 4, 15, 25, 73, 168, 310, 425, 492, 27, 74, 180, 316, 429, 496, 526, 541, 557, 62, 156, 86, 196, 80, 130, 228, 288]
GOTO 294        | LOGIC_XOR            | [0, 2, 4, 15, 25, 73, 168, 310, 425, 492, 27, 74, 180, 316, 429, 496, 526, 541, 557, 62, 156, 86, 196, 80, 130, 228]
REDUCE 87       | LOGIC_OR             | [0, 2, 4, 15, 25, 73, 168, 310, 425, 492, 27, 74, 180, 316, 429, 496, 526, 541, 557, 62, 156, 86, 196, 80, 130, 228, 294]
GOTO 300        | LOGIC_OR             | [0, 2, 4, 15, 25, 73, 168, 310, 425, 492, 27, 74, 180, 316, 429, 496, 526, 541, 557, 62, 156, 86, 196, 80, 130, 228]
REDUCE 85       | EXPR                 | [0, 2, 4, 15, 25, 73, 168, 310, 425, 492, 27, 74, 180, 316, 429, 496, 526, 541, 557, 62, 156, 86, 196, 80, 130, 228, 300]
GOTO 343        | EXPR                 | [0, 2, 4, 15, 25, 73, 168, 310, 425, 492, 27, 74, 180, 316, 429, 496, 526, 541, 557, 62, 156, 86, 196, 80, 130, 228]
SHIFT 438       | ]                    | [0, 2, 4, 15, 25, 73, 168, 310, 425, 492, 27, 74, 180, 316, 429, 496, 526, 541, 557, 62, 156, 86, 196, 80, 130, 228, 343]
REDUCE 112      | VARIABLE_ACCESS      | [0, 2, 4, 15, 25, 73, 168, 310, 425, 492, 27, 74, 180, 316, 429, 496, 526, 541, 557, 62, 156, 86, 196, 80, 130, 228, 343, 438]
GOTO 130        | VARIABLE_ACCESS      | [0, 2, 4, 15, 25, 73, 168, 310, 425, 492, 27, 74, 180, 316, 429, 496, 526, 541, 557, 62, 156, 86, 196, 80]
REDUCE 107      | FACTOR               | [0, 2, 4, 15, 25, 73, 168, 310, 425, 492, 27, 74, 180, 316, 429, 496, 526, 541, 557, 62, 156, 86, 196, 80, 130]
GOTO 118        | FACTOR               | [0, 2, 4, 15, 25, 73, 168, 310, 425, 492, 27, 74, 180, 316, 429, 496, 526, 541, 557, 62, 156, 86, 196, 80]
REDUCE 106      | POSTFIX_EXPR         | [0, 2, 4, 15, 25, 73, 168, 310, 425, 492, 27, 74, 180, 316, 429, 496, 526, 541, 557, 62, 156, 86, 196, 80, 118]
GOTO 119        | POSTFIX_EXPR         | [0, 2, 4, 15, 25, 73, 168, 310, 425, 492, 27, 74, 180, 316, 429, 496, 526, 541, 557, 62, 156, 86, 196, 80]
REDUCE 101      | POW_EXPR             | [0, 2, 4, 15, 25, 73, 168, 310, 425, 492, 27, 74, 180, 316, 429, 496, 526, 541, 557, 62, 156, 86, 196, 80, 119]
GOTO 129        | POW_EXPR             | [0, 2, 4, 15, 25, 73, 168, 310, 425, 492, 27, 74, 180, 316, 429, 496, 526, 541, 557, 62, 156, 86, 196, 80]
REDUCE 103      | UNARY_EXPR           | [0, 2, 4, 15, 25, 73, 168, 310, 425, 492, 27, 74, 180, 316, 429, 496, 526, 541, 557, 62, 156, 86, 196, 80, 129]
GOTO 135        | UNARY_EXPR           | [0, 2, 4, 15, 25, 73, 168, 310, 425, 492, 27, 74, 180, 316, 429, 496, 526, 541, 557, 62, 156, 86, 196, 80]
REDUCE 99       | MULT_EXPR            | [0, 2, 4, 15, 25, 73, 168, 310, 425, 492, 27, 74, 180, 316, 429, 496, 526, 541, 557, 62, 156, 86, 196, 80, 135]
GOTO 115        | MULT_EXPR            | [0, 2, 4, 15, 25, 73, 168, 310, 425, 492, 27, 74, 180, 316, 429, 496, 526, 541, 557, 62, 156, 86, 196, 80]
SHIFT 192       | *                    | [0, 2, 4, 15, 25, 73, 168, 310, 425, 492, 27, 74, 180, 316, 429, 496, 526, 541, 557, 62, 156, 86, 196, 80, 115]
REDUCE 145      | MUL_OP               | [0, 2, 4, 15, 25, 73, 168, 310, 425, 492, 27, 74, 180, 316, 429, 496, 526, 541, 557, 62, 156, 86, 196, 80, 115, 192]
GOTO 218        | MUL_OP               | [0, 2, 4, 15, 25, 73, 168, 310, 425, 492, 27, 74, 180, 316, 429, 496, 526, 541, 557, 62, 156, 86, 196, 80, 115]
SHIFT 116       | weights              | [0, 2, 4, 15, 25, 73, 168, 310, 425, 492, 27, 74, 180, 316, 429, 496, 526, 541, 557, 62, 156, 86, 196, 80, 115, 218]
REDUCE 113      | VARIABLE_ACCESS      | [0, 2, 4, 15, 25, 73, 168, 310, 425, 492, 27, 74, 180, 316, 429, 496, 526, 541, 557, 62, 156, 86, 196, 80, 115, 218, 116]
GOTO 130        | VARIABLE_ACCESS      | [0, 2, 4, 15, 25, 73, 168, 310, 425, 492, 27, 74, 180, 316, 429, 496, 526, 541, 557, 62, 156, 86, 196, 80, 115, 218]
SHIFT 228       | [                    | [0, 2, 4, 15, 25, 73, 168, 310, 425, 492, 27, 74, 180, 316, 429, 496, 526, 541, 557, 62, 156, 86, 196, 80, 115, 218, 130]
SHIFT 284       | i                    | [0, 2, 4, 15, 25, 73, 168, 310, 425, 492, 27, 74, 180, 316, 429, 496, 526, 541, 557, 62, 156, 86, 196, 80, 115, 218, 130, 228]
REDUCE 113      | VARIABLE_ACCESS      | [0, 2, 4, 15, 25, 73, 168, 310, 425, 492, 27, 74, 180, 316, 429, 496, 526, 541, 557, 62, 156, 86, 196, 80, 115, 218, 130, 228, 284]
GOTO 298        | VARIABLE_ACCESS      | [0, 2, 4, 15, 25, 73, 168, 310, 425, 492, 27, 74, 180, 316, 429, 496, 526, 541, 557, 62, 156, 86, 196, 80, 115, 218, 130, 228]
REDUCE 107      | FACTOR               | [0, 2, 4, 15, 25, 73, 168, 310, 425, 492, 27, 74, 180, 316, 429, 496, 526, 541, 557, 62, 156, 86, 196, 80, 115, 218, 130, 228, 298]
GOTO 286        | FACTOR               | [0, 2, 4, 15, 25, 73, 168, 310, 425, 492, 27, 74, 180, 316, 429, 496, 526, 541, 557, 62, 156, 86, 196, 80, 115, 218, 130, 228]
REDUCE 106      | POSTFIX_EXPR         | [0, 2, 4, 15, 25, 73, 168, 310, 425, 492, 27, 74, 180, 316, 429, 496, 526, 541, 557, 62, 156, 86, 196, 80, 115, 218, 130, 228, 286]
GOTO 287        | POSTFIX_EXPR         | [0, 2, 4, 15, 25, 73, 168, 310, 425, 492, 27, 74, 180, 316, 429, 496, 526, 541, 557, 62, 156, 86, 196, 80, 115, 218, 130, 228]
REDUCE 101      | POW_EXPR             | [0, 2, 4, 15, 25, 73, 168, 310, 425, 492, 27, 74, 180, 316, 429, 496, 526, 541, 557, 62, 156, 86, 196, 80, 115, 218, 130, 228, 287]
GOTO 297        | POW_EXPR             | [0, 2, 4, 15, 25, 73, 168, 310, 425, 492, 27, 74, 180, 316, 429, 496, 526, 541, 557, 62, 156, 86, 196, 80, 115, 218, 130, 228]
REDUCE 103      | UNARY_EXPR           | [0, 2, 4, 15, 25, 73, 168, 310, 425, 492, 27, 74, 180, 316, 429, 496, 526, 541, 557, 62, 156, 86, 196, 80, 115, 218, 130, 228, 297]
GOTO 303        | UNARY_EXPR           | [0, 2, 4, 15, 25, 73, 168, 310, 425, 492, 27, 74, 180, 316, 429, 496, 526, 541, 557, 62, 156, 86, 196, 80, 115, 218, 130, 228]
REDUCE 99       | MULT_EXPR            | [0, 2, 4, 15, 25, 73, 168, 310, 425, 492, 27, 74, 180, 316, 429, 496, 526, 541, 557, 62, 156, 86, 196, 80, 115, 218, 130, 228, 303]
GOTO 283        | MULT_EXPR            | [0, 2, 4, 15, 25, 73, 168, 310, 425, 492, 27, 74, 180, 316, 429, 496, 526, 541, 557, 62, 156, 86, 196, 80, 115, 218, 130, 228]
REDUCE 97       | ADD_EXPR             | [0, 2, 4, 15, 25, 73, 168, 310, 425, 492, 27, 74, 180, 316, 429, 496, 526, 541, 557, 62, 156, 86, 196, 80, 115, 218, 130, 228, 283]
GOTO 285        | ADD_EXPR             | [0, 2, 4, 15, 25, 73, 168, 310, 425, 492, 27, 74, 180, 316, 429, 496, 526, 541, 557, 62, 156, 86, 196, 80, 115, 218, 130, 228]
REDUCE 95       | REL_EXPR             | [0, 2, 4, 15, 25, 73, 168, 310, 425, 492, 27, 74, 180, 316, 429, 496, 526, 541, 557, 62, 156, 86, 196, 80, 115, 218, 130, 228, 285]
GOTO 282        | REL_EXPR             | [0, 2, 4, 15, 25, 73, 168, 310, 425, 492, 27, 74, 180, 316, 429, 496, 526, 541, 557, 62, 156, 86, 196, 80, 115, 218, 130, 228]
REDUCE 93       | REL_EQUAL            | [0, 2, 4, 15, 25, 73, 168, 310, 425, 492, 27, 74, 180, 316, 429, 496, 526, 541, 557, 62, 156, 86, 196, 80, 115, 218, 130, 228, 282]
GOTO 290        | REL_EQUAL            | [0, 2, 4, 15, 25, 73, 168, 310, 425, 492, 27, 74, 180, 316, 429, 496, 526, 541, 557, 62, 156, 86, 196, 80, 115, 218, 130, 228]
REDUCE 91       | LOGIC_AND            | [0, 2, 4, 15, 25, 73, 168, 310, 425, 492, 27, 74, 180, 316, 429, 496, 526, 541, 557, 62, 156, 86, 196, 80, 115, 218, 130, 228, 290]
GOTO 288        | LOGIC_AND            | [0, 2, 4, 15, 25, 73, 168, 310, 425, 492, 27, 74, 180, 316, 429, 496, 526, 541, 557, 62, 156, 86, 196, 80, 115, 218, 130, 228]
REDUCE 89       | LOGIC_XOR            | [0, 2, 4, 15, 25, 73, 168, 310, 425, 492, 27, 74, 180, 316, 429, 496, 526, 541, 557, 62, 156, 86, 196, 80, 115, 218, 130, 228, 288]
GOTO 294        | LOGIC_XOR            | [0, 2, 4, 15, 25, 73, 168, 310, 425, 492, 27, 74, 180, 316, 429, 496, 526, 541, 557, 62, 156, 86, 196, 80, 115, 218, 130, 228]
REDUCE 87       | LOGIC_OR             | [0, 2, 4, 15, 25, 73, 168, 310, 425, 492, 27, 74, 180, 316, 429, 496, 526, 541, 557, 62, 156, 86, 196, 80, 115, 218, 130, 228, 294]
GOTO 300        | LOGIC_OR             | [0, 2, 4, 15, 25, 73, 168, 310, 425, 492, 27, 74, 180, 316, 429, 496, 526, 541, 557, 62, 156, 86, 196, 80, 115, 218, 130, 228]
REDUCE 85       | EXPR                 | [0, 2, 4, 15, 25, 73, 168, 310, 425, 492, 27, 74, 180, 316, 429, 496, 526, 541, 557, 62, 156, 86, 196, 80, 115, 218, 130, 228, 300]
GOTO 343        | EXPR                 | [0, 2, 4, 15, 25, 73, 168, 310, 425, 492, 27, 74, 180, 316, 429, 496, 526, 541, 557, 62, 156, 86, 196, 80, 115, 218, 130, 228]
SHIFT 438       | ]                    | [0, 2, 4, 15, 25, 73, 168, 310, 425, 492, 27, 74, 180, 316, 429, 496, 526, 541, 557, 62, 156, 86, 196, 80, 115, 218, 130, 228, 343]
REDUCE 112      | VARIABLE_ACCESS      | [0, 2, 4, 15, 25, 73, 168, 310, 425, 492, 27, 74, 180, 316, 429, 496, 526, 541, 557, 62, 156, 86, 196, 80, 115, 218, 130, 228, 343, 438]
GOTO 130        | VARIABLE_ACCESS      | [0, 2, 4, 15, 25, 73, 168, 310, 425, 492, 27, 74, 180, 316, 429, 496, 526, 541, 557, 62, 156, 86, 196, 80, 115, 218]
REDUCE 107      | FACTOR               | [0, 2, 4, 15, 25, 73, 168, 310, 425, 492, 27, 74, 180, 316, 429, 496, 526, 541, 557, 62, 156, 86, 196, 80, 115, 218, 130]
GOTO 118        | FACTOR               | [0, 2, 4, 15, 25, 73, 168, 310, 425, 492, 27, 74, 180, 316, 429, 496, 526, 541, 557, 62, 156, 86, 196, 80, 115, 218]
REDUCE 106      | POSTFIX_EXPR         | [0, 2, 4, 15, 25, 73, 168, 310, 425, 492, 27, 74, 180, 316, 429, 496, 526, 541, 557, 62, 156, 86, 196, 80, 115, 218, 118]
GOTO 119        | POSTFIX_EXPR         | [0, 2, 4, 15, 25, 73, 168, 310, 425, 492, 27, 74, 180, 316, 429, 496, 526, 541, 557, 62, 156, 86, 196, 80, 115, 218]
REDUCE 101      | POW_EXPR             | [0, 2, 4, 15, 25, 73, 168, 310, 425, 492, 27, 74, 180, 316, 429, 496, 526, 541, 557, 62, 156, 86, 196, 80, 115, 218, 119]
GOTO 129        | POW_EXPR             | [0, 2, 4, 15, 25, 73, 168, 310, 425, 492, 27, 74, 180, 316, 429, 496, 526, 541, 557, 62, 156, 86, 196, 80, 115, 218]
REDUCE 103      | UNARY_EXPR           | [0, 2, 4, 15, 25, 73, 168, 310, 425, 492, 27, 74, 180, 316, 429, 496, 526, 541, 557, 62, 156, 86, 196, 80, 115, 218, 129]
GOTO 336        | UNARY_EXPR           | [0, 2, 4, 15, 25, 73, 168, 310, 425, 492, 27, 74, 180, 316, 429, 496, 526, 541, 557, 62, 156, 86, 196, 80, 115, 218]
REDUCE 98       | MULT_EXPR            | [0, 2, 4, 15, 25, 73, 168, 310, 425, 492, 27, 74, 180, 316, 429, 496, 526, 541, 557, 62, 156, 86, 196, 80, 115, 218, 336]
GOTO 115        | MULT_EXPR            | [0, 2, 4, 15, 25, 73, 168, 310, 425, 492, 27, 74, 180, 316, 429, 496, 526, 541, 557, 62, 156, 86, 196, 80]
REDUCE 97       | ADD_EXPR             | [0, 2, 4, 15, 25, 73, 168, 310, 425, 492, 27, 74, 180, 316, 429, 496, 526, 541, 557, 62, 156, 86, 196, 80, 115]
GOTO 117        | ADD_EXPR             | [0, 2, 4, 15, 25, 73, 168, 310, 425, 492, 27, 74, 180, 316, 429, 496, 526, 541, 557, 62, 156, 86, 196, 80]
REDUCE 95       | REL_EXPR             | [0, 2, 4, 15, 25, 73, 168, 310, 425, 492, 27, 74, 180, 316, 429, 496, 526, 541, 557, 62, 156, 86, 196, 80, 117]
GOTO 114        | REL_EXPR             | [0, 2, 4, 15, 25, 73, 168, 310, 425, 492, 27, 74, 180, 316, 429, 496, 526, 541, 557, 62, 156, 86, 196, 80]
REDUCE 93       | REL_EQUAL            | [0, 2, 4, 15, 25, 73, 168, 310, 425, 492, 27, 74, 180, 316, 429, 496, 526, 541, 557, 62, 156, 86, 196, 80, 114]
GOTO 122        | REL_EQUAL            | [0, 2, 4, 15, 25, 73, 168, 310, 425, 492, 27, 74, 180, 316, 429, 496, 526, 541, 557, 62, 156, 86, 196, 80]
REDUCE 91       | LOGIC_AND            | [0, 2, 4, 15, 25, 73, 168, 310, 425, 492, 27, 74, 180, 316, 429, 496, 526, 541, 557, 62, 156, 86, 196, 80, 122]
GOTO 120        | LOGIC_AND            | [0, 2, 4, 15, 25, 73, 168, 310, 425, 492, 27, 74, 180, 316, 429, 496, 526, 541, 557, 62, 156, 86, 196, 80]
REDUCE 89       | LOGIC_XOR            | [0, 2, 4, 15, 25, 73, 168, 310, 425, 492, 27, 74, 180, 316, 429, 496, 526, 541, 557, 62, 156, 86, 196, 80, 120]
GOTO 126        | LOGIC_XOR            | [0, 2, 4, 15, 25, 73, 168, 310, 425, 492, 27, 74, 180, 316, 429, 496, 526, 541, 557, 62, 156, 86, 196, 80]
REDUCE 87       | LOGIC_OR             | [0, 2, 4, 15, 25, 73, 168, 310, 425, 492, 27, 74, 180, 316, 429, 496, 526, 541, 557, 62, 156, 86, 196, 80, 126]
GOTO 132        | LOGIC_OR             | [0, 2, 4, 15, 25, 73, 168, 310, 425, 492, 27, 74, 180, 316, 429, 496, 526, 541, 557, 62, 156, 86, 196, 80]
REDUCE 85       | EXPR                 | [0, 2, 4, 15, 25, 73, 168, 310, 425, 492, 27, 74, 180, 316, 429, 496, 526, 541, 557, 62, 156, 86, 196, 80, 132]
GOTO 185        | EXPR                 | [0, 2, 4, 15, 25, 73, 168, 310, 425, 492, 27, 74, 180, 316, 429, 496, 526, 541, 557, 62, 156, 86, 196, 80]
SHIFT 321       | )                    | [0, 2, 4, 15, 25, 73, 168, 310, 425, 492, 27, 74, 180, 316, 429, 496, 526, 541, 557, 62, 156, 86, 196, 80, 185]
REDUCE 109      | FACTOR               | [0, 2, 4, 15, 25, 73, 168, 310, 425, 492, 27, 74, 180, 316, 429, 496, 526, 541, 557, 62, 156, 86, 196, 80, 185, 321]
GOTO 87         | FACTOR               | [0, 2, 4, 15, 25, 73, 168, 310, 425, 492, 27, 74, 180, 316, 429, 496, 526, 541, 557, 62, 156, 86, 196]
REDUCE 106      | POSTFIX_EXPR         | [0, 2, 4, 15, 25, 73, 168, 310, 425, 492, 27, 74, 180, 316, 429, 496, 526, 541, 557, 62, 156, 86, 196, 87]
GOTO 88         | POSTFIX_EXPR         | [0, 2, 4, 15, 25, 73, 168, 310, 425, 492, 27, 74, 180, 316, 429, 496, 526, 541, 557, 62, 156, 86, 196]
REDUCE 101      | POW_EXPR             | [0, 2, 4, 15, 25, 73, 168, 310, 425, 492, 27, 74, 180, 316, 429, 496, 526, 541, 557, 62, 156, 86, 196, 88]
GOTO 100        | POW_EXPR             | [0, 2, 4, 15, 25, 73, 168, 310, 425, 492, 27, 74, 180, 316, 429, 496, 526, 541, 557, 62, 156, 86, 196]
REDUCE 103      | UNARY_EXPR           | [0, 2, 4, 15, 25, 73, 168, 310, 425, 492, 27, 74, 180, 316, 429, 496, 526, 541, 557, 62, 156, 86, 196, 100]
GOTO 106        | UNARY_EXPR           | [0, 2, 4, 15, 25, 73, 168, 310, 425, 492, 27, 74, 180, 316, 429, 496, 526, 541, 557, 62, 156, 86, 196]
REDUCE 99       | MULT_EXPR            | [0, 2, 4, 15, 25, 73, 168, 310, 425, 492, 27, 74, 180, 316, 429, 496, 526, 541, 557, 62, 156, 86, 196, 106]
GOTO 325        | MULT_EXPR            | [0, 2, 4, 15, 25, 73, 168, 310, 425, 492, 27, 74, 180, 316, 429, 496, 526, 541, 557, 62, 156, 86, 196]
REDUCE 96       | ADD_EXPR             | [0, 2, 4, 15, 25, 73, 168, 310, 425, 492, 27, 74, 180, 316, 429, 496, 526, 541, 557, 62, 156, 86, 196, 325]
GOTO 86         | ADD_EXPR             | [0, 2, 4, 15, 25, 73, 168, 310, 425, 492, 27, 74, 180, 316, 429, 496, 526, 541, 557, 62, 156]
REDUCE 95       | REL_EXPR             | [0, 2, 4, 15, 25, 73, 168, 310, 425, 492, 27, 74, 180, 316, 429, 496, 526, 541, 557, 62, 156, 86]
GOTO 81         | REL_EXPR             | [0, 2, 4, 15, 25, 73, 168, 310, 425, 492, 27, 74, 180, 316, 429, 496, 526, 541, 557, 62, 156]
REDUCE 93       | REL_EQUAL            | [0, 2, 4, 15, 25, 73, 168, 310, 425, 492, 27, 74, 180, 316, 429, 496, 526, 541, 557, 62, 156, 81]
GOTO 91         | REL_EQUAL            | [0, 2, 4, 15, 25, 73, 168, 310, 425, 492, 27, 74, 180, 316, 429, 496, 526, 541, 557, 62, 156]
REDUCE 91       | LOGIC_AND            | [0, 2, 4, 15, 25, 73, 168, 310, 425, 492, 27, 74, 180, 316, 429, 496, 526, 541, 557, 62, 156, 91]
GOTO 89         | LOGIC_AND            | [0, 2, 4, 15, 25, 73, 168, 310, 425, 492, 27, 74, 180, 316, 429, 496, 526, 541, 557, 62, 156]
REDUCE 89       | LOGIC_XOR            | [0, 2, 4, 15, 25, 73, 168, 310, 425, 492, 27, 74, 180, 316, 429, 496, 526, 541, 557, 62, 156, 89]
GOTO 95         | LOGIC_XOR            | [0, 2, 4, 15, 25, 73, 168, 310, 425, 492, 27, 74, 180, 316, 429, 496, 526, 541, 557, 62, 156]
REDUCE 87       | LOGIC_OR             | [0, 2, 4, 15, 25, 73, 168, 310, 425, 492, 27, 74, 180, 316, 429, 496, 526, 541, 557, 62, 156, 95]
GOTO 103        | LOGIC_OR             | [0, 2, 4, 15, 25, 73, 168, 310, 425, 492, 27, 74, 180, 316, 429, 496, 526, 541, 557, 62, 156]
REDUCE 85       | EXPR                 | [0, 2, 4, 15, 25, 73, 168, 310, 425, 492, 27, 74, 180, 316, 429, 496, 526, 541, 557, 62, 156, 103]
GOTO 276        | EXPR                 | [0, 2, 4, 15, 25, 73, 168, 310, 425, 492, 27, 74, 180, 316, 429, 496, 526, 541, 557, 62, 156]
REDUCE 84       | ASSIGN_STMT          | [0, 2, 4, 15, 25, 73, 168, 310, 425, 492, 27, 74, 180, 316, 429, 496, 526, 541, 557, 62, 156, 276]
GOTO 45         | ASSIGN_STMT          | [0, 2, 4, 15, 25, 73, 168, 310, 425, 492, 27, 74, 180, 316, 429, 496, 526, 541, 557]
SHIFT 141       | ;                    | [0, 2, 4, 15, 25, 73, 168, 310, 425, 492, 27, 74, 180, 316, 429, 496, 526, 541, 557, 45]
REDUCE 52       | STATEMENT            | [0, 2, 4, 15, 25, 73, 168, 310, 425, 492, 27, 74, 180, 316, 429, 496, 526, 541, 557, 45, 141]
GOTO 58         | STATEMENT            | [0, 2, 4, 15, 25, 73, 168, 310, 425, 492, 27, 74, 180, 316, 429, 496, 526, 541, 557]
REDUCE 49       | STATEMENT_LIST       | [0, 2, 4, 15, 25, 73, 168, 310, 425, 492, 27, 74, 180, 316, 429, 496, 526, 541, 557, 58]
GOTO 557        | STATEMENT_LIST       | [0, 2, 4, 15, 25, 73, 168, 310, 425, 492, 27, 74, 180, 316, 429, 496, 526, 541]
SHIFT 586       | }                    | [0, 2, 4, 15, 25, 73, 168, 310, 425, 492, 27, 74, 180, 316, 429, 496, 526, 541, 557]
REDUCE 70       | LOOP_STMT            | [0, 2, 4, 15, 25, 73, 168, 310, 425, 492, 27, 74, 180, 316, 429, 496, 526, 541, 557, 586]
GOTO 40         | LOOP_STMT            | [0, 2, 4, 15, 25, 73, 168, 310, 425, 492]
REDUCE 57       | STATEMENT            | [0, 2, 4, 15, 25, 73, 168, 310, 425, 492, 40]
GOTO 58         | STATEMENT            | [0, 2, 4, 15, 25, 73, 168, 310, 425, 492]
REDUCE 49       | STATEMENT_LIST       | [0, 2, 4, 15, 25, 73, 168, 310, 425, 492, 58]
GOTO 492        | STATEMENT_LIST       | [0, 2, 4, 15, 25, 73, 168, 310, 425]
SHIFT 31        | recall               | [0, 2, 4, 15, 25, 73, 168, 310, 425, 492]
SHIFT 85        | totalSum             | [0, 2, 4, 15, 25, 73, 168, 310, 425, 492, 31]
REDUCE 113      | VARIABLE_ACCESS      | [0, 2, 4, 15, 25, 73, 168, 310, 425, 492, 31, 85]
GOTO 101        | VARIABLE_ACCESS      | [0, 2, 4, 15, 25, 73, 168, 310, 425, 492, 31]
REDUCE 107      | FACTOR               | [0, 2, 4, 15, 25, 73, 168, 310, 425, 492, 31, 101]
GOTO 87         | FACTOR               | [0, 2, 4, 15, 25, 73, 168, 310, 425, 492, 31]
REDUCE 106      | POSTFIX_EXPR         | [0, 2, 4, 15, 25, 73, 168, 310, 425, 492, 31, 87]
GOTO 88         | POSTFIX_EXPR         | [0, 2, 4, 15, 25, 73, 168, 310, 425, 492, 31]
REDUCE 101      | POW_EXPR             | [0, 2, 4, 15, 25, 73, 168, 310, 425, 492, 31, 88]
GOTO 100        | POW_EXPR             | [0, 2, 4, 15, 25, 73, 168, 310, 425, 492, 31]
REDUCE 103      | UNARY_EXPR           | [0, 2, 4, 15, 25, 73, 168, 310, 425, 492, 31, 100]
GOTO 106        | UNARY_EXPR           | [0, 2, 4, 15, 25, 73, 168, 310, 425, 492, 31]
REDUCE 99       | MULT_EXPR            | [0, 2, 4, 15, 25, 73, 168, 310, 425, 492, 31, 106]
GOTO 82         | MULT_EXPR            | [0, 2, 4, 15, 25, 73, 168, 310, 425, 492, 31]
REDUCE 97       | ADD_EXPR             | [0, 2, 4, 15, 25, 73, 168, 310, 425, 492, 31, 82]
GOTO 86         | ADD_EXPR             | [0, 2, 4, 15, 25, 73, 168, 310, 425, 492, 31]
REDUCE 95       | REL_EXPR             | [0, 2, 4, 15, 25, 73, 168, 310, 425, 492, 31, 86]
GOTO 81         | REL_EXPR             | [0, 2, 4, 15, 25, 73, 168, 310, 425, 492, 31]
REDUCE 93       | REL_EQUAL            | [0, 2, 4, 15, 25, 73, 168, 310, 425, 492, 31, 81]
GOTO 91         | REL_EQUAL            | [0, 2, 4, 15, 25, 73, 168, 310, 425, 492, 31]
REDUCE 91       | LOGIC_AND            | [0, 2, 4, 15, 25, 73, 168, 310, 425, 492, 31, 91]
GOTO 89         | LOGIC_AND            | [0, 2, 4, 15, 25, 73, 168, 310, 425, 492, 31]
REDUCE 89       | LOGIC_XOR            | [0, 2, 4, 15, 25, 73, 168, 310, 425, 492, 31, 89]
GOTO 95         | LOGIC_XOR            | [0, 2, 4, 15, 25, 73, 168, 310, 425, 492, 31]
REDUCE 87       | LOGIC_OR             | [0, 2, 4, 15, 25, 73, 168, 310, 425, 492, 31, 95]
GOTO 103        | LOGIC_OR             | [0, 2, 4, 15, 25, 73, 168, 310, 425, 492, 31]
REDUCE 85       | EXPR                 | [0, 2, 4, 15, 25, 73, 168, 310, 425, 492, 31, 103]
GOTO 77         | EXPR                 | [0, 2, 4, 15, 25, 73, 168, 310, 425, 492, 31]
SHIFT 183       | ;                    | [0, 2, 4, 15, 25, 73, 168, 310, 425, 492, 31, 77]
REDUCE 60       | STATEMENT            | [0, 2, 4, 15, 25, 73, 168, 310, 425, 492, 31, 77, 183]
GOTO 58         | STATEMENT            | [0, 2, 4, 15, 25, 73, 168, 310, 425, 492]
REDUCE 49       | STATEMENT_LIST       | [0, 2, 4, 15, 25, 73, 168, 310, 425, 492, 58]
GOTO 492        | STATEMENT_LIST       | [0, 2, 4, 15, 25, 73, 168, 310, 425]
SHIFT 524       | }                    | [0, 2, 4, 15, 25, 73, 168, 310, 425, 492]
REDUCE 4        | SUBROUTINE           | [0, 2, 4, 15, 25, 73, 168, 310, 425, 492, 524]
GOTO 5          | SUBROUTINE           | [0, 2]
REDUCE 2        | SUBROUTINE_LIST      | [0, 2, 5]
GOTO 2          | SUBROUTINE_LIST      | [0]
SHIFT 3         | activate             | [0, 2]
SHIFT 6         | {                    | [0, 2, 3]
REDUCE 50       | STATEMENT_LIST       | [0, 2, 3, 6]
GOTO 17         | STATEMENT_LIST       | [0, 2, 3, 6]
SHIFT 64        | pulse                | [0, 2, 3, 6, 17]
REDUCE 43       | DATA_TYPE            | [0, 2, 3, 6, 17, 64]
GOTO 49         | DATA_TYPE            | [0, 2, 3, 6, 17]
SHIFT 147       | cluster              | [0, 2, 3, 6, 17, 49]
SHIFT 271       | myData               | [0, 2, 3, 6, 17, 49, 147]
SHIFT 400       | [                    | [0, 2, 3, 6, 17, 49, 147, 271]
SHIFT 476       | 3                    | [0, 2, 3, 6, 17, 49, 147, 271, 400]
SHIFT 517       | ]                    | [0, 2, 3, 6, 17, 49, 147, 271, 400, 476]
SHIFT 537       | =                    | [0, 2, 3, 6, 17, 49, 147, 271, 400, 476, 517]
SHIFT 552       | {                    | [0, 2, 3, 6, 17, 49, 147, 271, 400, 476, 517, 537]
SHIFT 574       | 10                   | [0, 2, 3, 6, 17, 49, 147, 271, 400, 476, 517, 537, 552]
REDUCE 121      | LITERAL              | [0, 2, 3, 6, 17, 49, 147, 271, 400, 476, 517, 537, 552, 574]
GOTO 561        | LITERAL              | [0, 2, 3, 6, 17, 49, 147, 271, 400, 476, 517, 537, 552]
REDUCE 108      | FACTOR               | [0, 2, 3, 6, 17, 49, 147, 271, 400, 476, 517, 537, 552, 561]
GOTO 568        | FACTOR               | [0, 2, 3, 6, 17, 49, 147, 271, 400, 476, 517, 537, 552]
REDUCE 106      | POSTFIX_EXPR         | [0, 2, 3, 6, 17, 49, 147, 271, 400, 476, 517, 537, 552, 568]
GOTO 570        | POSTFIX_EXPR         | [0, 2, 3, 6, 17, 49, 147, 271, 400, 476, 517, 537, 552]
REDUCE 101      | POW_EXPR             | [0, 2, 3, 6, 17, 49, 147, 271, 400, 476, 517, 537, 552, 570]
GOTO 577        | POW_EXPR             | [0, 2, 3, 6, 17, 49, 147, 271, 400, 476, 517, 537, 552]
REDUCE 103      | UNARY_EXPR           | [0, 2, 3, 6, 17, 49, 147, 271, 400, 476, 517, 537, 552, 577]
GOTO 582        | UNARY_EXPR           | [0, 2, 3, 6, 17, 49, 147, 271, 400, 476, 517, 537, 552]
REDUCE 99       | MULT_EXPR            | [0, 2, 3, 6, 17, 49, 147, 271, 400, 476, 517, 537, 552, 582]
GOTO 565        | MULT_EXPR            | [0, 2, 3, 6, 17, 49, 147, 271, 400, 476, 517, 537, 552]
REDUCE 97       | ADD_EXPR             | [0, 2, 3, 6, 17, 49, 147, 271, 400, 476, 517, 537, 552, 565]
GOTO 567        | ADD_EXPR             | [0, 2, 3, 6, 17, 49, 147, 271, 400, 476, 517, 537, 552]
REDUCE 37       | CLUSTER_1D_LIST      | [0, 2, 3, 6, 17, 49, 147, 271, 400, 476, 517, 537, 552, 567]
GOTO 569        | CLUSTER_1D_LIST      | [0, 2, 3, 6, 17, 49, 147, 271, 400, 476, 517, 537, 552]
SHIFT 594       | ,                    | [0, 2, 3, 6, 17, 49, 147, 271, 400, 476, 517, 537, 552, 569]
SHIFT 574       | 20                   | [0, 2, 3, 6, 17, 49, 147, 271, 400, 476, 517, 537, 552, 569, 594]
REDUCE 121      | LITERAL              | [0, 2, 3, 6, 17, 49, 147, 271, 400, 476, 517, 537, 552, 569, 594, 574]
GOTO 561        | LITERAL              | [0, 2, 3, 6, 17, 49, 147, 271, 400, 476, 517, 537, 552, 569, 594]
REDUCE 108      | FACTOR               | [0, 2, 3, 6, 17, 49, 147, 271, 400, 476, 517, 537, 552, 569, 594, 561]
GOTO 568        | FACTOR               | [0, 2, 3, 6, 17, 49, 147, 271, 400, 476, 517, 537, 552, 569, 594]
REDUCE 106      | POSTFIX_EXPR         | [0, 2, 3, 6, 17, 49, 147, 271, 400, 476, 517, 537, 552, 569, 594, 568]
GOTO 570        | POSTFIX_EXPR         | [0, 2, 3, 6, 17, 49, 147, 271, 400, 476, 517, 537, 552, 569, 594]
REDUCE 101      | POW_EXPR             | [0, 2, 3, 6, 17, 49, 147, 271, 400, 476, 517, 537, 552, 569, 594, 570]
GOTO 577        | POW_EXPR             | [0, 2, 3, 6, 17, 49, 147, 271, 400, 476, 517, 537, 552, 569, 594]
REDUCE 103      | UNARY_EXPR           | [0, 2, 3, 6, 17, 49, 147, 271, 400, 476, 517, 537, 552, 569, 594, 577]
GOTO 582        | UNARY_EXPR           | [0, 2, 3, 6, 17, 49, 147, 271, 400, 476, 517, 537, 552, 569, 594]
REDUCE 99       | MULT_EXPR            | [0, 2, 3, 6, 17, 49, 147, 271, 400, 476, 517, 537, 552, 569, 594, 582]
GOTO 565        | MULT_EXPR            | [0, 2, 3, 6, 17, 49, 147, 271, 400, 476, 517, 537, 552, 569, 594]
REDUCE 97       | ADD_EXPR             | [0, 2, 3, 6, 17, 49, 147, 271, 400, 476, 517, 537, 552, 569, 594, 565]
GOTO 635        | ADD_EXPR             | [0, 2, 3, 6, 17, 49, 147, 271, 400, 476, 517, 537, 552, 569, 594]
REDUCE 36       | CLUSTER_1D_LIST      | [0, 2, 3, 6, 17, 49, 147, 271, 400, 476, 517, 537, 552, 569, 594, 635]
GOTO 569        | CLUSTER_1D_LIST      | [0, 2, 3, 6, 17, 49, 147, 271, 400, 476, 517, 537, 552]
SHIFT 594       | ,                    | [0, 2, 3, 6, 17, 49, 147, 271, 400, 476, 517, 537, 552, 569]
SHIFT 574       | 30                   | [0, 2, 3, 6, 17, 49, 147, 271, 400, 476, 517, 537, 552, 569, 594]
REDUCE 121      | LITERAL              | [0, 2, 3, 6, 17, 49, 147, 271, 400, 476, 517, 537, 552, 569, 594, 574]
GOTO 561        | LITERAL              | [0, 2, 3, 6, 17, 49, 147, 271, 400, 476, 517, 537, 552, 569, 594]
REDUCE 108      | FACTOR               | [0, 2, 3, 6, 17, 49, 147, 271, 400, 476, 517, 537, 552, 569, 594, 561]
GOTO 568        | FACTOR               | [0, 2, 3, 6, 17, 49, 147, 271, 400, 476, 517, 537, 552, 569, 594]
REDUCE 106      | POSTFIX_EXPR         | [0, 2, 3, 6, 17, 49, 147, 271, 400, 476, 517, 537, 552, 569, 594, 568]
GOTO 570        | POSTFIX_EXPR         | [0, 2, 3, 6, 17, 49, 147, 271, 400, 476, 517, 537, 552, 569, 594]
REDUCE 101      | POW_EXPR             | [0, 2, 3, 6, 17, 49, 147, 271, 400, 476, 517, 537, 552, 569, 594, 570]
GOTO 577        | POW_EXPR             | [0, 2, 3, 6, 17, 49, 147, 271, 400, 476, 517, 537, 552, 569, 594]
REDUCE 103      | UNARY_EXPR           | [0, 2, 3, 6, 17, 49, 147, 271, 400, 476, 517, 537, 552, 569, 594, 577]
GOTO 582        | UNARY_EXPR           | [0, 2, 3, 6, 17, 49, 147, 271, 400, 476, 517, 537, 552, 569, 594]
REDUCE 99       | MULT_EXPR            | [0, 2, 3, 6, 17, 49, 147, 271, 400, 476, 517, 537, 552, 569, 594, 582]
GOTO 565        | MULT_EXPR            | [0, 2, 3, 6, 17, 49, 147, 271, 400, 476, 517, 537, 552, 569, 594]
REDUCE 97       | ADD_EXPR             | [0, 2, 3, 6, 17, 49, 147, 271, 400, 476, 517, 537, 552, 569, 594, 565]
GOTO 635        | ADD_EXPR             | [0, 2, 3, 6, 17, 49, 147, 271, 400, 476, 517, 537, 552, 569, 594]
REDUCE 36       | CLUSTER_1D_LIST      | [0, 2, 3, 6, 17, 49, 147, 271, 400, 476, 517, 537, 552, 569, 594, 635]
GOTO 569        | CLUSTER_1D_LIST      | [0, 2, 3, 6, 17, 49, 147, 271, 400, 476, 517, 537, 552]
SHIFT 595       | }                    | [0, 2, 3, 6, 17, 49, 147, 271, 400, 476, 517, 537, 552, 569]
REDUCE 35       | 1D_INIT              | [0, 2, 3, 6, 17, 49, 147, 271, 400, 476, 517, 537, 552, 569, 595]
GOTO 551        | 1D_INIT              | [0, 2, 3, 6, 17, 49, 147, 271, 400, 476, 517, 537]
REDUCE 34       | CLUSTER_1D           | [0, 2, 3, 6, 17, 49, 147, 271, 400, 476, 517, 537, 551]
GOTO 269        | CLUSTER_1D           | [0, 2, 3, 6, 17, 49, 147]
REDUCE 31       | CLUSTER_ITEM         | [0, 2, 3, 6, 17, 49, 147, 269]
GOTO 272        | CLUSTER_ITEM         | [0, 2, 3, 6, 17, 49, 147]
REDUCE 30       | CLUSTER_LIST         | [0, 2, 3, 6, 17, 49, 147, 272]
GOTO 268        | CLUSTER_LIST         | [0, 2, 3, 6, 17, 49, 147]
SHIFT 399       | ;                    | [0, 2, 3, 6, 17, 49, 147, 268]
REDUCE 28       | CLUSTER_DECL         | [0, 2, 3, 6, 17, 49, 147, 268, 399]
GOTO 43         | CLUSTER_DECL         | [0, 2, 3, 6, 17]
REDUCE 18       | DECLARATION          | [0, 2, 3, 6, 17, 43]
GOTO 35         | DECLARATION          | [0, 2, 3, 6, 17]
REDUCE 51       | STATEMENT            | [0, 2, 3, 6, 17, 35]
GOTO 58         | STATEMENT            | [0, 2, 3, 6, 17]
REDUCE 49       | STATEMENT_LIST       | [0, 2, 3, 6, 17, 58]
GOTO 17         | STATEMENT_LIST       | [0, 2, 3, 6]
SHIFT 64        | pulse                | [0, 2, 3, 6, 17]
REDUCE 43       | DATA_TYPE            | [0, 2, 3, 6, 17, 64]
GOTO 49         | DATA_TYPE            | [0, 2, 3, 6, 17]
SHIFT 147       | cluster              | [0, 2, 3, 6, 17, 49]
SHIFT 271       | myWeights            | [0, 2, 3, 6, 17, 49, 147]
SHIFT 400       | [                    | [0, 2, 3, 6, 17, 49, 147, 271]
SHIFT 476       | 3                    | [0, 2, 3, 6, 17, 49, 147, 271, 400]
SHIFT 517       | ]                    | [0, 2, 3, 6, 17, 49, 147, 271, 400, 476]
SHIFT 537       | =                    | [0, 2, 3, 6, 17, 49, 147, 271, 400, 476, 517]
SHIFT 552       | {                    | [0, 2, 3, 6, 17, 49, 147, 271, 400, 476, 517, 537]
SHIFT 574       | 2                    | [0, 2, 3, 6, 17, 49, 147, 271, 400, 476, 517, 537, 552]
REDUCE 121      | LITERAL              | [0, 2, 3, 6, 17, 49, 147, 271, 400, 476, 517, 537, 552, 574]
GOTO 561        | LITERAL              | [0, 2, 3, 6, 17, 49, 147, 271, 400, 476, 517, 537, 552]
REDUCE 108      | FACTOR               | [0, 2, 3, 6, 17, 49, 147, 271, 400, 476, 517, 537, 552, 561]
GOTO 568        | FACTOR               | [0, 2, 3, 6, 17, 49, 147, 271, 400, 476, 517, 537, 552]
REDUCE 106      | POSTFIX_EXPR         | [0, 2, 3, 6, 17, 49, 147, 271, 400, 476, 517, 537, 552, 568]
GOTO 570        | POSTFIX_EXPR         | [0, 2, 3, 6, 17, 49, 147, 271, 400, 476, 517, 537, 552]
REDUCE 101      | POW_EXPR             | [0, 2, 3, 6, 17, 49, 147, 271, 400, 476, 517, 537, 552, 570]
GOTO 577        | POW_EXPR             | [0, 2, 3, 6, 17, 49, 147, 271, 400, 476, 517, 537, 552]
REDUCE 103      | UNARY_EXPR           | [0, 2, 3, 6, 17, 49, 147, 271, 400, 476, 517, 537, 552, 577]
GOTO 582        | UNARY_EXPR           | [0, 2, 3, 6, 17, 49, 147, 271, 400, 476, 517, 537, 552]
REDUCE 99       | MULT_EXPR            | [0, 2, 3, 6, 17, 49, 147, 271, 400, 476, 517, 537, 552, 582]
GOTO 565        | MULT_EXPR            | [0, 2, 3, 6, 17, 49, 147, 271, 400, 476, 517, 537, 552]
REDUCE 97       | ADD_EXPR             | [0, 2, 3, 6, 17, 49, 147, 271, 400, 476, 517, 537, 552, 565]
GOTO 567        | ADD_EXPR             | [0, 2, 3, 6, 17, 49, 147, 271, 400, 476, 517, 537, 552]
REDUCE 37       | CLUSTER_1D_LIST      | [0, 2, 3, 6, 17, 49, 147, 271, 400, 476, 517, 537, 552, 567]
GOTO 569        | CLUSTER_1D_LIST      | [0, 2, 3, 6, 17, 49, 147, 271, 400, 476, 517, 537, 552]
SHIFT 594       | ,                    | [0, 2, 3, 6, 17, 49, 147, 271, 400, 476, 517, 537, 552, 569]
SHIFT 574       | 1                    | [0, 2, 3, 6, 17, 49, 147, 271, 400, 476, 517, 537, 552, 569, 594]
REDUCE 121      | LITERAL              | [0, 2, 3, 6, 17, 49, 147, 271, 400, 476, 517, 537, 552, 569, 594, 574]
GOTO 561        | LITERAL              | [0, 2, 3, 6, 17, 49, 147, 271, 400, 476, 517, 537, 552, 569, 594]
REDUCE 108      | FACTOR               | [0, 2, 3, 6, 17, 49, 147, 271, 400, 476, 517, 537, 552, 569, 594, 561]
GOTO 568        | FACTOR               | [0, 2, 3, 6, 17, 49, 147, 271, 400, 476, 517, 537, 552, 569, 594]
REDUCE 106      | POSTFIX_EXPR         | [0, 2, 3, 6, 17, 49, 147, 271, 400, 476, 517, 537, 552, 569, 594, 568]
GOTO 570        | POSTFIX_EXPR         | [0, 2, 3, 6, 17, 49, 147, 271, 400, 476, 517, 537, 552, 569, 594]
REDUCE 101      | POW_EXPR             | [0, 2, 3, 6, 17, 49, 147, 271, 400, 476, 517, 537, 552, 569, 594, 570]
GOTO 577        | POW_EXPR             | [0, 2, 3, 6, 17, 49, 147, 271, 400, 476, 517, 537, 552, 569, 594]
REDUCE 103      | UNARY_EXPR           | [0, 2, 3, 6, 17, 49, 147, 271, 400, 476, 517, 537, 552, 569, 594, 577]
GOTO 582        | UNARY_EXPR           | [0, 2, 3, 6, 17, 49, 147, 271, 400, 476, 517, 537, 552, 569, 594]
REDUCE 99       | MULT_EXPR            | [0, 2, 3, 6, 17, 49, 147, 271, 400, 476, 517, 537, 552, 569, 594, 582]
GOTO 565        | MULT_EXPR            | [0, 2, 3, 6, 17, 49, 147, 271, 400, 476, 517, 537, 552, 569, 594]
REDUCE 97       | ADD_EXPR             | [0, 2, 3, 6, 17, 49, 147, 271, 400, 476, 517, 537, 552, 569, 594, 565]
GOTO 635        | ADD_EXPR             | [0, 2, 3, 6, 17, 49, 147, 271, 400, 476, 517, 537, 552, 569, 594]
REDUCE 36       | CLUSTER_1D_LIST      | [0, 2, 3, 6, 17, 49, 147, 271, 400, 476, 517, 537, 552, 569, 594, 635]
GOTO 569        | CLUSTER_1D_LIST      | [0, 2, 3, 6, 17, 49, 147, 271, 400, 476, 517, 537, 552]
SHIFT 594       | ,                    | [0, 2, 3, 6, 17, 49, 147, 271, 400, 476, 517, 537, 552, 569]
SHIFT 574       | 3                    | [0, 2, 3, 6, 17, 49, 147, 271, 400, 476, 517, 537, 552, 569, 594]
REDUCE 121      | LITERAL              | [0, 2, 3, 6, 17, 49, 147, 271, 400, 476, 517, 537, 552, 569, 594, 574]
GOTO 561        | LITERAL              | [0, 2, 3, 6, 17, 49, 147, 271, 400, 476, 517, 537, 552, 569, 594]
REDUCE 108      | FACTOR               | [0, 2, 3, 6, 17, 49, 147, 271, 400, 476, 517, 537, 552, 569, 594, 561]
GOTO 568        | FACTOR               | [0, 2, 3, 6, 17, 49, 147, 271, 400, 476, 517, 537, 552, 569, 594]
REDUCE 106      | POSTFIX_EXPR         | [0, 2, 3, 6, 17, 49, 147, 271, 400, 476, 517, 537, 552, 569, 594, 568]
GOTO 570        | POSTFIX_EXPR         | [0, 2, 3, 6, 17, 49, 147, 271, 400, 476, 517, 537, 552, 569, 594]
REDUCE 101      | POW_EXPR             | [0, 2, 3, 6, 17, 49, 147, 271, 400, 476, 517, 537, 552, 569, 594, 570]
GOTO 577        | POW_EXPR             | [0, 2, 3, 6, 17, 49, 147, 271, 400, 476, 517, 537, 552, 569, 594]
REDUCE 103      | UNARY_EXPR           | [0, 2, 3, 6, 17, 49, 147, 271, 400, 476, 517, 537, 552, 569, 594, 577]
GOTO 582        | UNARY_EXPR           | [0, 2, 3, 6, 17, 49, 147, 271, 400, 476, 517, 537, 552, 569, 594]
REDUCE 99       | MULT_EXPR            | [0, 2, 3, 6, 17, 49, 147, 271, 400, 476, 517, 537, 552, 569, 594, 582]
GOTO 565        | MULT_EXPR            | [0, 2, 3, 6, 17, 49, 147, 271, 400, 476, 517, 537, 552, 569, 594]
REDUCE 97       | ADD_EXPR             | [0, 2, 3, 6, 17, 49, 147, 271, 400, 476, 517, 537, 552, 569, 594, 565]
GOTO 635        | ADD_EXPR             | [0, 2, 3, 6, 17, 49, 147, 271, 400, 476, 517, 537, 552, 569, 594]
REDUCE 36       | CLUSTER_1D_LIST      | [0, 2, 3, 6, 17, 49, 147, 271, 400, 476, 517, 537, 552, 569, 594, 635]
GOTO 569        | CLUSTER_1D_LIST      | [0, 2, 3, 6, 17, 49, 147, 271, 400, 476, 517, 537, 552]
SHIFT 595       | }                    | [0, 2, 3, 6, 17, 49, 147, 271, 400, 476, 517, 537, 552, 569]
REDUCE 35       | 1D_INIT              | [0, 2, 3, 6, 17, 49, 147, 271, 400, 476, 517, 537, 552, 569, 595]
GOTO 551        | 1D_INIT              | [0, 2, 3, 6, 17, 49, 147, 271, 400, 476, 517, 537]
REDUCE 34       | CLUSTER_1D           | [0, 2, 3, 6, 17, 49, 147, 271, 400, 476, 517, 537, 551]
GOTO 269        | CLUSTER_1D           | [0, 2, 3, 6, 17, 49, 147]
REDUCE 31       | CLUSTER_ITEM         | [0, 2, 3, 6, 17, 49, 147, 269]
GOTO 272        | CLUSTER_ITEM         | [0, 2, 3, 6, 17, 49, 147]
REDUCE 30       | CLUSTER_LIST         | [0, 2, 3, 6, 17, 49, 147, 272]
GOTO 268        | CLUSTER_LIST         | [0, 2, 3, 6, 17, 49, 147]
SHIFT 399       | ;                    | [0, 2, 3, 6, 17, 49, 147, 268]
REDUCE 28       | CLUSTER_DECL         | [0, 2, 3, 6, 17, 49, 147, 268, 399]
GOTO 43         | CLUSTER_DECL         | [0, 2, 3, 6, 17]
REDUCE 18       | DECLARATION          | [0, 2, 3, 6, 17, 43]
GOTO 35         | DECLARATION          | [0, 2, 3, 6, 17]
REDUCE 51       | STATEMENT            | [0, 2, 3, 6, 17, 35]
GOTO 58         | STATEMENT            | [0, 2, 3, 6, 17]
REDUCE 49       | STATEMENT_LIST       | [0, 2, 3, 6, 17, 58]
GOTO 17         | STATEMENT_LIST       | [0, 2, 3, 6]
SHIFT 64        | pulse                | [0, 2, 3, 6, 17]
REDUCE 43       | DATA_TYPE            | [0, 2, 3, 6, 17, 64]
GOTO 49         | DATA_TYPE            | [0, 2, 3, 6, 17]
SHIFT 146       | finalResult          | [0, 2, 3, 6, 17, 49]
SHIFT 267       | =                    | [0, 2, 3, 6, 17, 49, 146]
SHIFT 377       | getWeightedSum       | [0, 2, 3, 6, 17, 49, 146, 267]
SHIFT 463       | (                    | [0, 2, 3, 6, 17, 49, 146, 267, 377]
SHIFT 240       | myData               | [0, 2, 3, 6, 17, 49, 146, 267, 377, 463]
REDUCE 113      | VARIABLE_ACCESS      | [0, 2, 3, 6, 17, 49, 146, 267, 377, 463, 240]
GOTO 255        | VARIABLE_ACCESS      | [0, 2, 3, 6, 17, 49, 146, 267, 377, 463]
REDUCE 107      | FACTOR               | [0, 2, 3, 6, 17, 49, 146, 267, 377, 463, 255]
GOTO 242        | FACTOR               | [0, 2, 3, 6, 17, 49, 146, 267, 377, 463]
REDUCE 106      | POSTFIX_EXPR         | [0, 2, 3, 6, 17, 49, 146, 267, 377, 463, 242]
GOTO 243        | POSTFIX_EXPR         | [0, 2, 3, 6, 17, 49, 146, 267, 377, 463]
REDUCE 101      | POW_EXPR             | [0, 2, 3, 6, 17, 49, 146, 267, 377, 463, 243]
GOTO 254        | POW_EXPR             | [0, 2, 3, 6, 17, 49, 146, 267, 377, 463]
REDUCE 103      | UNARY_EXPR           | [0, 2, 3, 6, 17, 49, 146, 267, 377, 463, 254]
GOTO 261        | UNARY_EXPR           | [0, 2, 3, 6, 17, 49, 146, 267, 377, 463]
REDUCE 99       | MULT_EXPR            | [0, 2, 3, 6, 17, 49, 146, 267, 377, 463, 261]
GOTO 239        | MULT_EXPR            | [0, 2, 3, 6, 17, 49, 146, 267, 377, 463]
REDUCE 97       | ADD_EXPR             | [0, 2, 3, 6, 17, 49, 146, 267, 377, 463, 239]
GOTO 241        | ADD_EXPR             | [0, 2, 3, 6, 17, 49, 146, 267, 377, 463]
REDUCE 95       | REL_EXPR             | [0, 2, 3, 6, 17, 49, 146, 267, 377, 463, 241]
GOTO 238        | REL_EXPR             | [0, 2, 3, 6, 17, 49, 146, 267, 377, 463]
REDUCE 93       | REL_EQUAL            | [0, 2, 3, 6, 17, 49, 146, 267, 377, 463, 238]
GOTO 246        | REL_EQUAL            | [0, 2, 3, 6, 17, 49, 146, 267, 377, 463]
REDUCE 91       | LOGIC_AND            | [0, 2, 3, 6, 17, 49, 146, 267, 377, 463, 246]
GOTO 244        | LOGIC_AND            | [0, 2, 3, 6, 17, 49, 146, 267, 377, 463]
REDUCE 89       | LOGIC_XOR            | [0, 2, 3, 6, 17, 49, 146, 267, 377, 463, 244]
GOTO 251        | LOGIC_XOR            | [0, 2, 3, 6, 17, 49, 146, 267, 377, 463]
REDUCE 87       | LOGIC_OR             | [0, 2, 3, 6, 17, 49, 146, 267, 377, 463, 251]
GOTO 258        | LOGIC_OR             | [0, 2, 3, 6, 17, 49, 146, 267, 377, 463]
REDUCE 85       | EXPR                 | [0, 2, 3, 6, 17, 49, 146, 267, 377, 463, 258]
GOTO 234        | EXPR                 | [0, 2, 3, 6, 17, 49, 146, 267, 377, 463]
REDUCE 120      | ARGS                 | [0, 2, 3, 6, 17, 49, 146, 267, 377, 463, 234]
GOTO 249        | ARGS                 | [0, 2, 3, 6, 17, 49, 146, 267, 377, 463]
SHIFT 360       | ,                    | [0, 2, 3, 6, 17, 49, 146, 267, 377, 463, 249]
SHIFT 240       | myWeights            | [0, 2, 3, 6, 17, 49, 146, 267, 377, 463, 249, 360]
REDUCE 113      | VARIABLE_ACCESS      | [0, 2, 3, 6, 17, 49, 146, 267, 377, 463, 249, 360, 240]
GOTO 255        | VARIABLE_ACCESS      | [0, 2, 3, 6, 17, 49, 146, 267, 377, 463, 249, 360]
REDUCE 107      | FACTOR               | [0, 2, 3, 6, 17, 49, 146, 267, 377, 463, 249, 360, 255]
GOTO 242        | FACTOR               | [0, 2, 3, 6, 17, 49, 146, 267, 377, 463, 249, 360]
REDUCE 106      | POSTFIX_EXPR         | [0, 2, 3, 6, 17, 49, 146, 267, 377, 463, 249, 360, 242]
GOTO 243        | POSTFIX_EXPR         | [0, 2, 3, 6, 17, 49, 146, 267, 377, 463, 249, 360]
REDUCE 101      | POW_EXPR             | [0, 2, 3, 6, 17, 49, 146, 267, 377, 463, 249, 360, 243]
GOTO 254        | POW_EXPR             | [0, 2, 3, 6, 17, 49, 146, 267, 377, 463, 249, 360]
REDUCE 103      | UNARY_EXPR           | [0, 2, 3, 6, 17, 49, 146, 267, 377, 463, 249, 360, 254]
GOTO 261        | UNARY_EXPR           | [0, 2, 3, 6, 17, 49, 146, 267, 377, 463, 249, 360]
REDUCE 99       | MULT_EXPR            | [0, 2, 3, 6, 17, 49, 146, 267, 377, 463, 249, 360, 261]
GOTO 239        | MULT_EXPR            | [0, 2, 3, 6, 17, 49, 146, 267, 377, 463, 249, 360]
REDUCE 97       | ADD_EXPR             | [0, 2, 3, 6, 17, 49, 146, 267, 377, 463, 249, 360, 239]
GOTO 241        | ADD_EXPR             | [0, 2, 3, 6, 17, 49, 146, 267, 377, 463, 249, 360]
REDUCE 95       | REL_EXPR             | [0, 2, 3, 6, 17, 49, 146, 267, 377, 463, 249, 360, 241]
GOTO 238        | REL_EXPR             | [0, 2, 3, 6, 17, 49, 146, 267, 377, 463, 249, 360]
REDUCE 93       | REL_EQUAL            | [0, 2, 3, 6, 17, 49, 146, 267, 377, 463, 249, 360, 238]
GOTO 246        | REL_EQUAL            | [0, 2, 3, 6, 17, 49, 146, 267, 377, 463, 249, 360]
REDUCE 91       | LOGIC_AND            | [0, 2, 3, 6, 17, 49, 146, 267, 377, 463, 249, 360, 246]
GOTO 244        | LOGIC_AND            | [0, 2, 3, 6, 17, 49, 146, 267, 377, 463, 249, 360]
REDUCE 89       | LOGIC_XOR            | [0, 2, 3, 6, 17, 49, 146, 267, 377, 463, 249, 360, 244]
GOTO 251        | LOGIC_XOR            | [0, 2, 3, 6, 17, 49, 146, 267, 377, 463, 249, 360]
REDUCE 87       | LOGIC_OR             | [0, 2, 3, 6, 17, 49, 146, 267, 377, 463, 249, 360, 251]
GOTO 258        | LOGIC_OR             | [0, 2, 3, 6, 17, 49, 146, 267, 377, 463, 249, 360]
REDUCE 85       | EXPR                 | [0, 2, 3, 6, 17, 49, 146, 267, 377, 463, 249, 360, 258]
GOTO 451        | EXPR                 | [0, 2, 3, 6, 17, 49, 146, 267, 377, 463, 249, 360]
REDUCE 119      | ARGS                 | [0, 2, 3, 6, 17, 49, 146, 267, 377, 463, 249, 360, 451]
GOTO 249        | ARGS                 | [0, 2, 3, 6, 17, 49, 146, 267, 377, 463]
SHIFT 360       | ,                    | [0, 2, 3, 6, 17, 49, 146, 267, 377, 463, 249]
SHIFT 250       | 3                    | [0, 2, 3, 6, 17, 49, 146, 267, 377, 463, 249, 360]
REDUCE 121      | LITERAL              | [0, 2, 3, 6, 17, 49, 146, 267, 377, 463, 249, 360, 250]
GOTO 233        | LITERAL              | [0, 2, 3, 6, 17, 49, 146, 267, 377, 463, 249, 360]
REDUCE 108      | FACTOR               | [0, 2, 3, 6, 17, 49, 146, 267, 377, 463, 249, 360, 233]
GOTO 242        | FACTOR               | [0, 2, 3, 6, 17, 49, 146, 267, 377, 463, 249, 360]
REDUCE 106      | POSTFIX_EXPR         | [0, 2, 3, 6, 17, 49, 146, 267, 377, 463, 249, 360, 242]
GOTO 243        | POSTFIX_EXPR         | [0, 2, 3, 6, 17, 49, 146, 267, 377, 463, 249, 360]
REDUCE 101      | POW_EXPR             | [0, 2, 3, 6, 17, 49, 146, 267, 377, 463, 249, 360, 243]
GOTO 254        | POW_EXPR             | [0, 2, 3, 6, 17, 49, 146, 267, 377, 463, 249, 360]
REDUCE 103      | UNARY_EXPR           | [0, 2, 3, 6, 17, 49, 146, 267, 377, 463, 249, 360, 254]
GOTO 261        | UNARY_EXPR           | [0, 2, 3, 6, 17, 49, 146, 267, 377, 463, 249, 360]
REDUCE 99       | MULT_EXPR            | [0, 2, 3, 6, 17, 49, 146, 267, 377, 463, 249, 360, 261]
GOTO 239        | MULT_EXPR            | [0, 2, 3, 6, 17, 49, 146, 267, 377, 463, 249, 360]
REDUCE 97       | ADD_EXPR             | [0, 2, 3, 6, 17, 49, 146, 267, 377, 463, 249, 360, 239]
GOTO 241        | ADD_EXPR             | [0, 2, 3, 6, 17, 49, 146, 267, 377, 463, 249, 360]
REDUCE 95       | REL_EXPR             | [0, 2, 3, 6, 17, 49, 146, 267, 377, 463, 249, 360, 241]
GOTO 238        | REL_EXPR             | [0, 2, 3, 6, 17, 49, 146, 267, 377, 463, 249, 360]
REDUCE 93       | REL_EQUAL            | [0, 2, 3, 6, 17, 49, 146, 267, 377, 463, 249, 360, 238]
GOTO 246        | REL_EQUAL            | [0, 2, 3, 6, 17, 49, 146, 267, 377, 463, 249, 360]
REDUCE 91       | LOGIC_AND            | [0, 2, 3, 6, 17, 49, 146, 267, 377, 463, 249, 360, 246]
GOTO 244        | LOGIC_AND            | [0, 2, 3, 6, 17, 49, 146, 267, 377, 463, 249, 360]
REDUCE 89       | LOGIC_XOR            | [0, 2, 3, 6, 17, 49, 146, 267, 377, 463, 249, 360, 244]
GOTO 251        | LOGIC_XOR            | [0, 2, 3, 6, 17, 49, 146, 267, 377, 463, 249, 360]
REDUCE 87       | LOGIC_OR             | [0, 2, 3, 6, 17, 49, 146, 267, 377, 463, 249, 360, 251]
GOTO 258        | LOGIC_OR             | [0, 2, 3, 6, 17, 49, 146, 267, 377, 463, 249, 360]
REDUCE 85       | EXPR                 | [0, 2, 3, 6, 17, 49, 146, 267, 377, 463, 249, 360, 258]
GOTO 451        | EXPR                 | [0, 2, 3, 6, 17, 49, 146, 267, 377, 463, 249, 360]
REDUCE 119      | ARGS                 | [0, 2, 3, 6, 17, 49, 146, 267, 377, 463, 249, 360, 451]
GOTO 249        | ARGS                 | [0, 2, 3, 6, 17, 49, 146, 267, 377, 463]
REDUCE 117      | ARG_LIST             | [0, 2, 3, 6, 17, 49, 146, 267, 377, 463, 249]
GOTO 508        | ARG_LIST             | [0, 2, 3, 6, 17, 49, 146, 267, 377, 463]
SHIFT 533       | )                    | [0, 2, 3, 6, 17, 49, 146, 267, 377, 463, 508]
REDUCE 114      | SUBROUTINE_CALL      | [0, 2, 3, 6, 17, 49, 146, 267, 377, 463, 508, 533]
GOTO 392        | SUBROUTINE_CALL      | [0, 2, 3, 6, 17, 49, 146, 267]
REDUCE 110      | FACTOR               | [0, 2, 3, 6, 17, 49, 146, 267, 392]
GOTO 379        | FACTOR               | [0, 2, 3, 6, 17, 49, 146, 267]
REDUCE 106      | POSTFIX_EXPR         | [0, 2, 3, 6, 17, 49, 146, 267, 379]
GOTO 380        | POSTFIX_EXPR         | [0, 2, 3, 6, 17, 49, 146, 267]
REDUCE 101      | POW_EXPR             | [0, 2, 3, 6, 17, 49, 146, 267, 380]
GOTO 390        | POW_EXPR             | [0, 2, 3, 6, 17, 49, 146, 267]
REDUCE 103      | UNARY_EXPR           | [0, 2, 3, 6, 17, 49, 146, 267, 390]
GOTO 396        | UNARY_EXPR           | [0, 2, 3, 6, 17, 49, 146, 267]
REDUCE 99       | MULT_EXPR            | [0, 2, 3, 6, 17, 49, 146, 267, 396]
GOTO 376        | MULT_EXPR            | [0, 2, 3, 6, 17, 49, 146, 267]
REDUCE 97       | ADD_EXPR             | [0, 2, 3, 6, 17, 49, 146, 267, 376]
GOTO 378        | ADD_EXPR             | [0, 2, 3, 6, 17, 49, 146, 267]
REDUCE 95       | REL_EXPR             | [0, 2, 3, 6, 17, 49, 146, 267, 378]
GOTO 375        | REL_EXPR             | [0, 2, 3, 6, 17, 49, 146, 267]
REDUCE 93       | REL_EQUAL            | [0, 2, 3, 6, 17, 49, 146, 267, 375]
GOTO 383        | REL_EQUAL            | [0, 2, 3, 6, 17, 49, 146, 267]
REDUCE 91       | LOGIC_AND            | [0, 2, 3, 6, 17, 49, 146, 267, 383]
GOTO 381        | LOGIC_AND            | [0, 2, 3, 6, 17, 49, 146, 267]
REDUCE 89       | LOGIC_XOR            | [0, 2, 3, 6, 17, 49, 146, 267, 381]
GOTO 387        | LOGIC_XOR            | [0, 2, 3, 6, 17, 49, 146, 267]
REDUCE 87       | LOGIC_OR             | [0, 2, 3, 6, 17, 49, 146, 267, 387]
GOTO 393        | LOGIC_OR             | [0, 2, 3, 6, 17, 49, 146, 267]
REDUCE 85       | EXPR                 | [0, 2, 3, 6, 17, 49, 146, 267, 393]
GOTO 371        | EXPR                 | [0, 2, 3, 6, 17, 49, 146, 267]
REDUCE 23       | ID_INIT              | [0, 2, 3, 6, 17, 49, 146, 267, 371]
GOTO 145        | ID_INIT              | [0, 2, 3, 6, 17, 49]
REDUCE 21       | ID_LIST              | [0, 2, 3, 6, 17, 49, 145]
GOTO 148        | ID_LIST              | [0, 2, 3, 6, 17, 49]
SHIFT 274       | ;                    | [0, 2, 3, 6, 17, 49, 148]
REDUCE 19       | ID_DECL              | [0, 2, 3, 6, 17, 49, 148, 274]
GOTO 36         | ID_DECL              | [0, 2, 3, 6, 17]
REDUCE 16       | DECLARATION          | [0, 2, 3, 6, 17, 36]
GOTO 35         | DECLARATION          | [0, 2, 3, 6, 17]
REDUCE 51       | STATEMENT            | [0, 2, 3, 6, 17, 35]
GOTO 58         | STATEMENT            | [0, 2, 3, 6, 17]
REDUCE 49       | STATEMENT_LIST       | [0, 2, 3, 6, 17, 58]
GOTO 17         | STATEMENT_LIST       | [0, 2, 3, 6]
SHIFT 39        | thought              | [0, 2, 3, 6, 17]
REDUCE 46       | DATA_TYPE            | [0, 2, 3, 6, 17, 39]
GOTO 49         | DATA_TYPE            | [0, 2, 3, 6, 17]
SHIFT 146       | msg                  | [0, 2, 3, 6, 17, 49]
SHIFT 267       | =                    | [0, 2, 3, 6, 17, 49, 146]
SHIFT 384       | The weighted sum of the clusters is:  | [0, 2, 3, 6, 17, 49, 146, 267]
REDUCE 124      | LITERAL              | [0, 2, 3, 6, 17, 49, 146, 267, 384]
GOTO 370        | LITERAL              | [0, 2, 3, 6, 17, 49, 146, 267]
REDUCE 108      | FACTOR               | [0, 2, 3, 6, 17, 49, 146, 267, 370]
GOTO 379        | FACTOR               | [0, 2, 3, 6, 17, 49, 146, 267]
REDUCE 106      | POSTFIX_EXPR         | [0, 2, 3, 6, 17, 49, 146, 267, 379]
GOTO 380        | POSTFIX_EXPR         | [0, 2, 3, 6, 17, 49, 146, 267]
REDUCE 101      | POW_EXPR             | [0, 2, 3, 6, 17, 49, 146, 267, 380]
GOTO 390        | POW_EXPR             | [0, 2, 3, 6, 17, 49, 146, 267]
REDUCE 103      | UNARY_EXPR           | [0, 2, 3, 6, 17, 49, 146, 267, 390]
GOTO 396        | UNARY_EXPR           | [0, 2, 3, 6, 17, 49, 146, 267]
REDUCE 99       | MULT_EXPR            | [0, 2, 3, 6, 17, 49, 146, 267, 396]
GOTO 376        | MULT_EXPR            | [0, 2, 3, 6, 17, 49, 146, 267]
REDUCE 97       | ADD_EXPR             | [0, 2, 3, 6, 17, 49, 146, 267, 376]
GOTO 378        | ADD_EXPR             | [0, 2, 3, 6, 17, 49, 146, 267]
REDUCE 95       | REL_EXPR             | [0, 2, 3, 6, 17, 49, 146, 267, 378]
GOTO 375        | REL_EXPR             | [0, 2, 3, 6, 17, 49, 146, 267]
REDUCE 93       | REL_EQUAL            | [0, 2, 3, 6, 17, 49, 146, 267, 375]
GOTO 383        | REL_EQUAL            | [0, 2, 3, 6, 17, 49, 146, 267]
REDUCE 91       | LOGIC_AND            | [0, 2, 3, 6, 17, 49, 146, 267, 383]
GOTO 381        | LOGIC_AND            | [0, 2, 3, 6, 17, 49, 146, 267]
REDUCE 89       | LOGIC_XOR            | [0, 2, 3, 6, 17, 49, 146, 267, 381]
GOTO 387        | LOGIC_XOR            | [0, 2, 3, 6, 17, 49, 146, 267]
REDUCE 87       | LOGIC_OR             | [0, 2, 3, 6, 17, 49, 146, 267, 387]
GOTO 393        | LOGIC_OR             | [0, 2, 3, 6, 17, 49, 146, 267]
REDUCE 85       | EXPR                 | [0, 2, 3, 6, 17, 49, 146, 267, 393]
GOTO 371        | EXPR                 | [0, 2, 3, 6, 17, 49, 146, 267]
REDUCE 23       | ID_INIT              | [0, 2, 3, 6, 17, 49, 146, 267, 371]
GOTO 145        | ID_INIT              | [0, 2, 3, 6, 17, 49]
REDUCE 21       | ID_LIST              | [0, 2, 3, 6, 17, 49, 145]
GOTO 148        | ID_LIST              | [0, 2, 3, 6, 17, 49]
SHIFT 274       | ;                    | [0, 2, 3, 6, 17, 49, 148]
REDUCE 19       | ID_DECL              | [0, 2, 3, 6, 17, 49, 148, 274]
GOTO 36         | ID_DECL              | [0, 2, 3, 6, 17]
REDUCE 16       | DECLARATION          | [0, 2, 3, 6, 17, 36]
GOTO 35         | DECLARATION          | [0, 2, 3, 6, 17]
REDUCE 51       | STATEMENT            | [0, 2, 3, 6, 17, 35]
GOTO 58         | STATEMENT            | [0, 2, 3, 6, 17]
REDUCE 49       | STATEMENT_LIST       | [0, 2, 3, 6, 17, 58]
GOTO 17         | STATEMENT_LIST       | [0, 2, 3, 6]
SHIFT 42        | express              | [0, 2, 3, 6, 17]
SHIFT 139       | (                    | [0, 2, 3, 6, 17, 42]
SHIFT 116       | msg                  | [0, 2, 3, 6, 17, 42, 139]
REDUCE 113      | VARIABLE_ACCESS      | [0, 2, 3, 6, 17, 42, 139, 116]
GOTO 130        | VARIABLE_ACCESS      | [0, 2, 3, 6, 17, 42, 139]
REDUCE 107      | FACTOR               | [0, 2, 3, 6, 17, 42, 139, 130]
GOTO 118        | FACTOR               | [0, 2, 3, 6, 17, 42, 139]
REDUCE 106      | POSTFIX_EXPR         | [0, 2, 3, 6, 17, 42, 139, 118]
GOTO 119        | POSTFIX_EXPR         | [0, 2, 3, 6, 17, 42, 139]
REDUCE 101      | POW_EXPR             | [0, 2, 3, 6, 17, 42, 139, 119]
GOTO 129        | POW_EXPR             | [0, 2, 3, 6, 17, 42, 139]
REDUCE 103      | UNARY_EXPR           | [0, 2, 3, 6, 17, 42, 139, 129]
GOTO 135        | UNARY_EXPR           | [0, 2, 3, 6, 17, 42, 139]
REDUCE 99       | MULT_EXPR            | [0, 2, 3, 6, 17, 42, 139, 135]
GOTO 115        | MULT_EXPR            | [0, 2, 3, 6, 17, 42, 139]
REDUCE 97       | ADD_EXPR             | [0, 2, 3, 6, 17, 42, 139, 115]
GOTO 117        | ADD_EXPR             | [0, 2, 3, 6, 17, 42, 139]
REDUCE 95       | REL_EXPR             | [0, 2, 3, 6, 17, 42, 139, 117]
GOTO 114        | REL_EXPR             | [0, 2, 3, 6, 17, 42, 139]
REDUCE 93       | REL_EQUAL            | [0, 2, 3, 6, 17, 42, 139, 114]
GOTO 122        | REL_EQUAL            | [0, 2, 3, 6, 17, 42, 139]
REDUCE 91       | LOGIC_AND            | [0, 2, 3, 6, 17, 42, 139, 122]
GOTO 120        | LOGIC_AND            | [0, 2, 3, 6, 17, 42, 139]
REDUCE 89       | LOGIC_XOR            | [0, 2, 3, 6, 17, 42, 139, 120]
GOTO 126        | LOGIC_XOR            | [0, 2, 3, 6, 17, 42, 139]
REDUCE 87       | LOGIC_OR             | [0, 2, 3, 6, 17, 42, 139, 126]
GOTO 132        | LOGIC_OR             | [0, 2, 3, 6, 17, 42, 139]
REDUCE 85       | EXPR                 | [0, 2, 3, 6, 17, 42, 139, 132]
GOTO 232        | EXPR                 | [0, 2, 3, 6, 17, 42, 139]
SHIFT 347       | )                    | [0, 2, 3, 6, 17, 42, 139, 232]
SHIFT 441       | ;                    | [0, 2, 3, 6, 17, 42, 139, 232, 347]
REDUCE 64       | IO_STMT              | [0, 2, 3, 6, 17, 42, 139, 232, 347, 441]
GOTO 65         | IO_STMT              | [0, 2, 3, 6, 17]
REDUCE 59       | STATEMENT            | [0, 2, 3, 6, 17, 65]
GOTO 58         | STATEMENT            | [0, 2, 3, 6, 17]
REDUCE 49       | STATEMENT_LIST       | [0, 2, 3, 6, 17, 58]
GOTO 17         | STATEMENT_LIST       | [0, 2, 3, 6]
SHIFT 42        | express              | [0, 2, 3, 6, 17]
SHIFT 139       | (                    | [0, 2, 3, 6, 17, 42]
SHIFT 116       | finalResult          | [0, 2, 3, 6, 17, 42, 139]
REDUCE 113      | VARIABLE_ACCESS      | [0, 2, 3, 6, 17, 42, 139, 116]
GOTO 130        | VARIABLE_ACCESS      | [0, 2, 3, 6, 17, 42, 139]
REDUCE 107      | FACTOR               | [0, 2, 3, 6, 17, 42, 139, 130]
GOTO 118        | FACTOR               | [0, 2, 3, 6, 17, 42, 139]
REDUCE 106      | POSTFIX_EXPR         | [0, 2, 3, 6, 17, 42, 139, 118]
GOTO 119        | POSTFIX_EXPR         | [0, 2, 3, 6, 17, 42, 139]
REDUCE 101      | POW_EXPR             | [0, 2, 3, 6, 17, 42, 139, 119]
GOTO 129        | POW_EXPR             | [0, 2, 3, 6, 17, 42, 139]
REDUCE 103      | UNARY_EXPR           | [0, 2, 3, 6, 17, 42, 139, 129]
GOTO 135        | UNARY_EXPR           | [0, 2, 3, 6, 17, 42, 139]
REDUCE 99       | MULT_EXPR            | [0, 2, 3, 6, 17, 42, 139, 135]
GOTO 115        | MULT_EXPR            | [0, 2, 3, 6, 17, 42, 139]
REDUCE 97       | ADD_EXPR             | [0, 2, 3, 6, 17, 42, 139, 115]
GOTO 117        | ADD_EXPR             | [0, 2, 3, 6, 17, 42, 139]
REDUCE 95       | REL_EXPR             | [0, 2, 3, 6, 17, 42, 139, 117]
GOTO 114        | REL_EXPR             | [0, 2, 3, 6, 17, 42, 139]
REDUCE 93       | REL_EQUAL            | [0, 2, 3, 6, 17, 42, 139, 114]
GOTO 122        | REL_EQUAL            | [0, 2, 3, 6, 17, 42, 139]
REDUCE 91       | LOGIC_AND            | [0, 2, 3, 6, 17, 42, 139, 122]
GOTO 120        | LOGIC_AND            | [0, 2, 3, 6, 17, 42, 139]
REDUCE 89       | LOGIC_XOR            | [0, 2, 3, 6, 17, 42, 139, 120]
GOTO 126        | LOGIC_XOR            | [0, 2, 3, 6, 17, 42, 139]
REDUCE 87       | LOGIC_OR             | [0, 2, 3, 6, 17, 42, 139, 126]
GOTO 132        | LOGIC_OR             | [0, 2, 3, 6, 17, 42, 139]
REDUCE 85       | EXPR                 | [0, 2, 3, 6, 17, 42, 139, 132]
GOTO 232        | EXPR                 | [0, 2, 3, 6, 17, 42, 139]
SHIFT 347       | )                    | [0, 2, 3, 6, 17, 42, 139, 232]
SHIFT 441       | ;                    | [0, 2, 3, 6, 17, 42, 139, 232, 347]
REDUCE 64       | IO_STMT              | [0, 2, 3, 6, 17, 42, 139, 232, 347, 441]
GOTO 65         | IO_STMT              | [0, 2, 3, 6, 17]
REDUCE 59       | STATEMENT            | [0, 2, 3, 6, 17, 65]
GOTO 58         | STATEMENT            | [0, 2, 3, 6, 17]
REDUCE 49       | STATEMENT_LIST       | [0, 2, 3, 6, 17, 58]
GOTO 17         | STATEMENT_LIST       | [0, 2, 3, 6]
SHIFT 26        | }                    | [0, 2, 3, 6, 17]
REDUCE 1        | PROGRAM              | [0, 2, 3, 6, 17, 26]
GOTO 1          | PROGRAM              | [0]
ACCEPT          | ---                  | [0, 1]
